#Time         gpu     sm    mem    enc    dec    jpg    ofa     fb   bar1   ccpm 
#HH:MM:SS     Idx      %      %      %      %      %      %     MB     MB     MB 
 15:42:54       0     44      5      0      0      0      0   1207  16355      - 
 15:42:55       0     43      5      0      0      0      0   1207  16355      - 
 15:42:56       0      6      0      0      0      0      0   1495  16355      - 
 15:42:57       0      7      0      0      0      0      0   1495  16355      - 
 15:42:58       0     24      1      0      0      0      0   2373  16355      - 
 15:42:59       0     38     18      0      0      0      0   3297  16355      - 
 15:43:00       0      6      0      0      0      0      0   3297  16355      - 
 15:43:01       0      6      0      0      0      0      0   3297  16355      - 
 15:43:02       0      8      0      0      0      0      0   3297  16355      - 
 15:43:04       0      9      0      0      0      0      0   3297  16355      - 
 15:43:05       0     10      0      0      0      0      0   3297  16355      - 
 15:43:06       0     22      2      0      0      0      0   3297  16355      - 
 15:43:07       0     41      5      0      0      0      0   3297  16355      - 
 15:43:08       0     41      4      0      0      0      0   3297  16355      - 
 15:43:09       0     41      3      0      0      0      0   3297  16355      - 
 15:43:10       0     42      4      0      0      0      0   3297  16355      - 
 15:43:11       0     42      3      0      0      0      0   3298  16355      - 
 15:43:12       0     41      4      0      0      0      0   3298  16355      - 
 15:43:13       0     42      4      0      0      0      0   3298  16355      - 
 15:43:14       0     43      4      0      0      0      0   3298  16355      - 
 15:43:15       0     44      3      0      0      0      0   3298  16355      - 
 15:43:16       0     44      4      0      0      0      0   3298  16355      - 
 15:43:17       0     44      3      0      0      0      0   3298  16355      - 
 15:43:18       0     44      4      0      0      0      0   3316  16355      - 
 15:43:19       0     45      4      0      0      0      0   3316  16355      - 
 15:43:20       0     53     32      0      0      0      0   4460  16355      - 
 15:43:21       0     58     39      0      0      0      0   4460  16355      - 
 15:43:22       0     63     41      0      0      0      0   4460  16355      - 
 15:43:23       0     58     38      0      0      0      0   4460  16355      - 
 15:43:24       0     49     25      0      0      0      0   4452  16355      - 
 15:43:25       0     52     29      0      0      0      0   4451  16355      - 
 15:43:26       0     56     36      0      0      0      0   4451  16355      - 
 15:43:27       0     63     39      0      0      0      0   4441  16355      - 
 15:43:28       0      6      0      0      0      0      0   4449  16355      - 
 15:43:29       0      7      0      0      0      0      0   4467  16355      - 
 15:43:30       0      8      0      0      0      0      0   4467  16355      - 
 15:43:31       0     10      0      0      0      0      0   4467  16355      - 
 15:43:32       0     11      0      0      0      0      0   4464  16355      - 
 15:43:33       0     14      0      0      0      0      0   4464  16355      - 
 15:43:34       0     77     33      0      0      0      0   4455  16355      - 
 15:43:35       0     55     30      0      0      0      0   4455  16355      - 
 15:43:36       0     59     39      0      0      0      0   4437  16355      - 
 15:43:37       0     59     35      0      0      0      0   4440  16355      - 
 15:43:38       0     57     34      0      0      0      0   4438  16355      - 
#Time         gpu     sm    mem    enc    dec    jpg    ofa     fb   bar1   ccpm 
#HH:MM:SS     Idx      %      %      %      %      %      %     MB     MB     MB 
 15:43:39       0     56     35      0      0      0      0   4438  16355      - 
 15:43:40       0     50     27      0      0      0      0   4438  16355      - 
 15:43:41       0     62     39      0      0      0      0   4438  16355      - 
 15:43:42       0     64     45      0      0      0      0   4441  16355      - 
 15:43:43       0     28      0      0      0      0      0   4441  16355      - 
 15:43:44       0     63     42      0      0      0      0   4441  16355      - 
 15:43:45       0     58     35      0      0      0      0   4441  16355      - 
 15:43:46       0     55     34      0      0      0      0   4441  16355      - 
 15:43:47       0     49     27      0      0      0      0   4441  16355      - 
 15:43:48       0     62     40      0      0      0      0   4441  16355      - 
 15:43:49       0     61     41      0      0      0      0   4441  16355      - 
 15:43:50       0     56     34      0      0      0      0   4441  16355      - 
 15:43:51       0     55     34      0      0      0      0   4441  16355      - 
 15:43:52       0     42     16      0      0      0      0   4441  16355      - 
 15:43:53       0      6      0      0      0      0      0   4444  16355      - 
 15:43:54       0      7      0      0      0      0      0   4444  16355      - 
 15:43:55       0     66     42      0      0      0      0   4444  16355      - 
 15:43:56       0      6      0      0      0      0      0   4444  16355      - 
 15:43:57       0      8      0      0      0      0      0   4444  16355      - 
 15:43:58       0      9      0      0      0      0      0   4440  16355      - 
 15:43:59       0      9      0      0      0      0      0   4440  16355      - 
 15:44:00       0     11      0      0      0      0      0   4440  16355      - 
 15:44:01       0     24      2      0      0      0      0   4440  16355      - 
