#Time         gpu     sm    mem    enc    dec    jpg    ofa     fb   bar1   ccpm 
#HH:MM:SS     Idx      %      %      %      %      %      %     MB     MB     MB 
 15:46:21       0     44      4      0      0      0      0   1196  16355      - 
 15:46:22       0     44      4      0      0      0      0   1248  16355      - 
 15:46:23       0      6      0      0      0      0      0   1486  16355      - 
 15:46:24       0      7      0      0      0      0      0   1498  16355      - 
 15:46:25       0     18      0      0      0      0      0   1714  16355      - 
 15:46:26       0     45     14      0      0      0      0   3108  16355      - 
 15:46:27       0     17      0      0      0      0      0   3268  16355      - 
 15:46:28       0     14      0      0      0      0      0   3268  16355      - 
 15:46:29       0     14      0      0      0      0      0   3268  16355      - 
 15:46:30       0     17      1      0      0      0      0   3268  16355      - 
 15:46:31       0     14      0      0      0      0      0   3268  16355      - 
 15:46:32       0     14      0      0      0      0      0   3268  16355      - 
 15:46:33       0     44     25      0      0      0      0   3268  16355      - 
 15:46:34       0     19      1      0      0      0      0   3268  16355      - 
 15:46:35       0     22      1      0      0      0      0   3268  16355      - 
 15:46:36       0     14      0      0      0      0      0   3268  16355      - 
 15:46:37       0     15      0      0      0      0      0   3268  16355      - 
 15:46:38       0     19      1      0      0      0      0   3268  16355      - 
 15:46:39       0     55     32      0      0      0      0   3268  16355      - 
 15:46:40       0     39      7      0      0      0      0   3268  16355      - 
 15:46:41       0     14      0      0      0      0      0   3268  16355      - 
 15:46:42       0     14      0      0      0      0      0   3268  16355      - 
 15:46:43       0     20      1      0      0      0      0   3268  16355      - 
 15:46:44       0     21      1      0      0      0      0   3268  16355      - 
 15:46:45       0     58     28      0      0      0      0   3268  16355      - 
 15:46:46       0     15      0      0      0      0      0   3268  16355      - 
 15:46:47       0     19      1      0      0      0      0   3268  16355      - 
 15:46:48       0     19      1      0      0      0      0   3268  16355      - 
 15:46:49       0     15      1      0      0      0      0   3268  16355      - 
 15:46:50       0     27     15      0      0      0      0   3268  16355      - 
 15:46:51       0     19      1      0      0      0      0   3268  16355      - 
 15:46:52       0     34      7      0      0      0      0   3268  16355      - 
 15:46:53       0     14      0      0      0      0      0   3268  16355      - 
 15:46:54       0     13      0      0      0      0      0   3268  16355      - 
 15:46:55       0     18      1      0      0      0      0   3268  16355      - 
 15:46:56       0     37     11      0      0      0      0   3268  16355      - 
 15:46:57       0     13      0      0      0      0      0   3268  16355      - 
 15:46:58       0     13      0      0      0      0      0   3268  16355      - 
 15:46:59       0     16      0      0      0      0      0   3267  16355      - 
 15:47:00       0     19      1      0      0      0      0   3267  16355      - 
 15:47:01       0     20      1      0      0      0      0   3267  16355      - 
 15:47:02       0     35      5      0      0      0      0   3267  16355      - 
 15:47:03       0     11      0      0      0      0      0   3267  16355      - 
 15:47:04       0     12      0      0      0      0      0   3267  16355      - 
#Time         gpu     sm    mem    enc    dec    jpg    ofa     fb   bar1   ccpm 
#HH:MM:SS     Idx      %      %      %      %      %      %     MB     MB     MB 
 15:47:05       0     17      1      0      0      0      0   3277  16355      - 
 15:47:06       0     26      7      0      0      0      0   3277  16355      - 
 15:47:07       0     33      6      0      0      0      0   3268  16355      - 
 15:47:08       0     12      0      0      0      0      0   3268  16355      - 
 15:47:09       0     13      0      0      0      0      0   3268  16355      - 
 15:47:10       0     17      1      0      0      0      0   3268  16355      - 
 15:47:11       0     54     32      0      0      0      0   3268  16355      - 
 15:47:12       0     14      0      0      0      0      0   3268  16355      - 
 15:47:13       0     16      1      0      0      0      0   3268  16355      - 
 15:47:14       0     17      1      0      0      0      0   3268  16355      - 
 15:47:15       0     13      0      0      0      0      0   3268  16355      - 
 15:47:16       0     25     13      0      0      0      0   3268  16355      - 
 15:47:17       0     16      1      0      0      0      0   3268  16355      - 
 15:47:18       0     20      1      0      0      0      0   3268  16355      - 
 15:47:19       0     60     33      0      0      0      0   3268  16355      - 
 15:47:20       0     22      1      0      0      0      0   3268  16355      - 
 15:47:21       0     13      0      0      0      0      0   3268  16355      - 
 15:47:22       0     14      0      0      0      0      0   3268  16355      - 
 15:47:23       0     16      1      0      0      0      0   3268  16355      - 
 15:47:24       0     55     34      0      0      0      0   3268  16355      - 
 15:47:25       0     36      5      0      0      0      0   3268  16355      - 
 15:47:26       0     14      0      0      0      0      0   3268  16355      - 
 15:47:27       0     14      0      0      0      0      0   3268  16355      - 
 15:47:28       0     18      1      0      0      0      0   3268  16355      - 
 15:47:29       0     33      6      0      0      0      0   3268  16355      - 
 15:47:30       0     36      6      0      0      0      0   3268  16355      - 
 15:47:31       0     13      0      0      0      0      0   3268  16355      - 
 15:47:33       0     14      0      0      0      0      0   3268  16355      - 
 15:47:34       0     48     29      0      0      0      0   3286  16355      - 
 15:47:35       0     20      1      0      0      0      0   3295  16355      - 
 15:47:36       0     21      1      0      0      0      0   3286  16355      - 
 15:47:37       0     35      3      0      0      0      0   3287  16355      - 
 15:47:38       0     99     77      0      0      0      0   3287  16355      - 
 15:47:39       0     14      0      0      0      0      0   3287  16355      - 
 15:47:40       0     18      1      0      0      0      0   3279  16355      - 
 15:47:41       0     21      1      0      0      0      0   3279  16355      - 
 15:47:42       0     23      1      0      0      0      0   3270  16355      - 
 15:47:43       0     62     30      0      0      0      0   3267  16355      - 
 15:47:44       0     36      5      0      0      0      0   3267  16355      - 
 15:47:45       0     13      0      0      0      0      0   3267  16355      - 
 15:47:46       0     14      0      0      0      0      0   3268  16355      - 
 15:47:47       0     31      6      0      0      0      0   3268  16355      - 
 15:47:48       0     32      4      0      0      0      0   3268  16355      - 
 15:47:49       0     14      0      0      0      0      0   3268  16355      - 
#Time         gpu     sm    mem    enc    dec    jpg    ofa     fb   bar1   ccpm 
#HH:MM:SS     Idx      %      %      %      %      %      %     MB     MB     MB 
 15:47:50       0     13      0      0      0      0      0   3268  16355      - 
 15:47:51       0     17      1      0      0      0      0   3268  16355      - 
 15:47:52       0     37      8      0      0      0      0   3294  16355      - 
 15:47:53       0     22      1      0      0      0      0   3294  16355      - 
 15:47:54       0     33      4      0      0      0      0   3294  16355      - 
 15:47:55       0     12      0      0      0      0      0   3294  16355      - 
 15:47:56       0     16      2      0      0      0      0   3294  16355      - 
 15:47:57       0     17      0      0      0      0      0   3286  16355      - 
 15:47:58       0     30      2      0      0      0      0   3268  16355      - 
 15:47:59       0     12      0      0      0      0      0   3268  16355      - 
 15:48:00       0     12      0      0      0      0      0   3268  16355      - 
 15:48:01       0     48     30      0      0      0      0   3268  16355      - 
 15:48:02       0     17      1      0      0      0      0   3268  16355      - 
 15:48:03       0     19      1      0      0      0      0   3268  16355      - 
 15:48:04       0     14      0      0      0      0      0   3268  16355      - 
 15:48:05       0     29     13      0      0      0      0   3268  16355      - 
 15:48:06       0     17      1      0      0      0      0   3268  16355      - 
 15:48:07       0     14      0      0      0      0      0   3268  16355      - 
 15:48:08       0     14      0      0      0      0      0   3268  16355      - 
 15:48:09       0     18      1      0      0      0      0   3268  16355      - 
 15:48:10       0     18      1      0      0      0      0   3268  16355      - 
 15:48:11       0     20      1      0      0      0      0   3268  16355      - 
 15:48:12       0     36      6      0      0      0      0   3268  16355      - 
 15:48:13       0    100     82      0      0      0      0   3268  16355      - 
 15:48:14       0     14      0      0      0      0      0   3268  16355      - 
 15:48:15       0     15      1      0      0      0      0   3268  16355      - 
 15:48:16       0     16      1      0      0      0      0   3268  16355      - 
 15:48:17       0     20      1      0      0      0      0   3268  16355      - 
 15:48:18       0     86     64      0      0      0      0   3268  16355      - 
 15:48:19       0     14      0      0      0      0      0   3268  16355      - 
 15:48:20       0     17      1      0      0      0      0   3268  16355      - 
 15:48:21       0     19      1      0      0      0      0   3268  16355      - 
 15:48:22       0     75     53      0      0      0      0   3268  16355      - 
 15:48:23       0     14      0      0      0      0      0   3268  16355      - 
 15:48:24       0     17      1      0      0      0      0   3268  16355      - 
 15:48:25       0     20      1      0      0      0      0   3268  16355      - 
 15:48:26       0     38      7      0      0      0      0   3268  16355      - 
 15:48:27       0     38      6      0      0      0      0   3268  16355      - 
 15:48:28       0     13      0      0      0      0      0   3268  16355      - 
 15:48:29       0     13      0      0      0      0      0   3268  16355      - 
 15:48:30       0     20      1      0      0      0      0   3268  16355      - 
 15:48:31       0     21      1      0      0      0      0   3268  16355      - 
 15:48:32       0     38      6      0      0      0      0   3268  16355      - 
 15:48:33       0     13      0      0      0      0      0   3268  16355      - 
#Time         gpu     sm    mem    enc    dec    jpg    ofa     fb   bar1   ccpm 
#HH:MM:SS     Idx      %      %      %      %      %      %     MB     MB     MB 
 15:48:34       0     14      1      0      0      0      0   3268  16355      - 
 15:48:35       0     16      1      0      0      0      0   3268  16355      - 
 15:48:36       0     19      1      0      0      0      0   3268  16355      - 
 15:48:37       0     41     11      0      0      0      0   3268  16355      - 
 15:48:38       0     13      0      0      0      0      0   3268  16355      - 
 15:48:39       0      6      0      0      0      0      0   3268  16355      - 
 15:48:40       0      7      0      0      0      0      0   3268  16355      - 
 15:48:41       0     22      2      0      0      0      0   3277  16355      - 
 15:48:42       0     22      2      0      0      0      0   3277  16355      - 
 15:48:43       0     39      4      0      0      0      0   3268  16355      - 
 15:48:44       0     44      5      0      0      0      0   3272  16355      - 
 15:48:45       0     43      4      0      0      0      0   3272  16355      - 
 15:48:46       0     43      4      0      0      0      0   3268  16355      - 
 15:48:47       0     42      5      0      0      0      0   3268  16355      - 
 15:48:48       0     43      5      0      0      0      0   3268  16355      - 
 15:48:49       0     44      5      0      0      0      0   3268  16355      - 
 15:48:50       0     44      5      0      0      0      0   3268  16355      - 
 15:48:51       0     43      5      0      0      0      0   3268  16355      - 
 15:48:52       0     44      5      0      0      0      0   3268  16355      - 
 15:48:53       0     44      5      0      0      0      0   3268  16355      - 
 15:48:54       0     44      5      0      0      0      0   3268  16355      - 
 15:48:55       0     43      5      0      0      0      0   3268  16355      - 
 15:48:56       0     44      6      0      0      0      0   3268  16355      - 
 15:48:57       0     43      5      0      0      0      0   3268  16355      - 
 15:48:58       0     43      4      0      0      0      0   3268  16355      - 
 15:48:59       0     43      4      0      0      0      0   3268  16355      - 
 15:49:00       0     44      4      0      0      0      0   3268  16355      - 
 15:49:01       0     42      4      0      0      0      0   3268  16355      - 
 15:49:02       0     41      4      0      0      0      0   3277  16355      - 
 15:49:03       0     43      5      0      0      0      0   3277  16355      - 
 15:49:04       0     43      4      0      0      0      0   3268  16355      - 
 15:49:05       0     43      4      0      0      0      0   3268  16355      - 
 15:49:06       0     43      4      0      0      0      0   3268  16355      - 
 15:49:07       0     41      4      0      0      0      0   3268  16355      - 
 15:49:08       0     41      4      0      0      0      0   3268  16355      - 
 15:49:09       0     41      4      0      0      0      0   3268  16355      - 
 15:49:10       0     18      0      0      0      0      0   3268  16355      - 
 15:49:11       0     21      1      0      0      0      0   4412  16355      - 
 15:49:12       0     20      1      0      0      0      0   4412  16355      - 
 15:49:13       0     21      1      0      0      0      0   4412  16355      - 
 15:49:14       0     22      1      0      0      0      0   4412  16355      - 
 15:49:15       0     20      1      0      0      0      0   4412  16355      - 
 15:49:16       0     19      0      0      0      0      0   4412  16355      - 
 15:49:17       0     17      0      0      0      0      0   4412  16355      - 
#Time         gpu     sm    mem    enc    dec    jpg    ofa     fb   bar1   ccpm 
#HH:MM:SS     Idx      %      %      %      %      %      %     MB     MB     MB 
 15:49:18       0     68     46      0      0      0      0   4412  16355      - 
 15:49:19       0     20      0      0      0      0      0   4412  16355      - 
 15:49:20       0     20      1      0      0      0      0   4412  16355      - 
 15:49:21       0     22      1      0      0      0      0   4412  16355      - 
 15:49:22       0     19      1      0      0      0      0   4412  16355      - 
 15:49:23       0     18      0      0      0      0      0   4412  16355      - 
 15:49:24       0     18      0      0      0      0      0   4412  16355      - 
 15:49:25       0     20      1      0      0      0      0   4412  16355      - 
 15:49:26       0     20      0      0      0      0      0   4412  16355      - 
 15:49:27       0     18      0      0      0      0      0   4412  16355      - 
 15:49:28       0     22      1      0      0      0      0   4412  16355      - 
 15:49:29       0     20      1      0      0      0      0   4412  16355      - 
 15:49:30       0     18      0      0      0      0      0   4412  16355      - 
 15:49:31       0     20      0      0      0      0      0   4412  16355      - 
 15:49:32       0     20      1      0      0      0      0   4412  16355      - 
 15:49:33       0     21      1      0      0      0      0   4412  16355      - 
 15:49:34       0     20      1      0      0      0      0   4412  16355      - 
 15:49:35       0     22      1      0      0      0      0   4412  16355      - 
 15:49:36       0     20      1      0      0      0      0   4412  16355      - 
 15:49:37       0     25      1      0      0      0      0   4412  16355      - 
 15:49:38       0     24      1      0      0      0      0   4412  16355      - 
 15:49:39       0     36      2      0      0      0      0   4418  16355      - 
 15:49:40       0     19      0      0      0      0      0   4435  16355      - 
 15:49:41       0     15      0      0      0      0      0   4435  16355      - 
 15:49:42       0     20      1      0      0      0      0   4435  16355      - 
 15:49:43       0     16      0      0      0      0      0   4436  16355      - 
 15:49:44       0     32     13      0      0      0      0   4435  16355      - 
 15:49:45       0     18      0      0      0      0      0   4429  16355      - 
 15:49:46       0     16      0      0      0      0      0   4432  16355      - 
 15:49:47       0     18      0      0      0      0      0   4432  16355      - 
 15:49:48       0     17      0      0      0      0      0   4431  16355      - 
 15:49:49       0     18      0      0      0      0      0   4469  16355      - 
 15:49:50       0     16      0      0      0      0      0   4467  16355      - 
 15:49:51       0     16      0      0      0      0      0   4469  16355      - 
 15:49:52       0     16      0      0      0      0      0   4465  16355      - 
 15:49:53       0     15      0      0      0      0      0   4465  16355      - 
 15:49:54       0     15      1      0      0      0      0   4427  16355      - 
 15:49:56       0     35     15      0      0      0      0   4467  16355      - 
 15:49:57       0     12      0      0      0      0      0   4449  16355      - 
 15:49:58       0     13      0      0      0      0      0   4437  16355      - 
 15:49:59       0     18      1      0      0      0      0   4437  16355      - 
 15:50:00       0     16      2      0      0      0      0   4447  16355      - 
 15:50:01       0     12      0      0      0      0      0   4437  16355      - 
 15:50:02       0     11      0      0      0      0      0   4437  16355      - 
#Time         gpu     sm    mem    enc    dec    jpg    ofa     fb   bar1   ccpm 
#HH:MM:SS     Idx      %      %      %      %      %      %     MB     MB     MB 
 15:50:03       0     51     31      0      0      0      0   4437  16355      - 
 15:50:04       0     18      0      0      0      0      0   4437  16355      - 
 15:50:05       0     19      2      0      0      0      0   4437  16355      - 
 15:50:06       0     12      0      0      0      0      0   4484  16355      - 
 15:50:07       0     13      0      0      0      0      0   4468  16355      - 
 15:50:08       0     25      6      0      0      0      0   4536  16355      - 
 15:50:09       0     17      1      0      0      0      0   4536  16355      - 
 15:50:10       0     17      2      0      0      0      0   4473  16355      - 
 15:50:11       0     15      0      0      0      0      0   4473  16355      - 
 15:50:12       0     11      0      0      0      0      0   4473  16355      - 
 15:50:13       0     14      1      0      0      0      0   4473  16355      - 
 15:50:14       0     13      1      0      0      0      0   4473  16355      - 
 15:50:15       0    100     92      0      0      0      0   4473  16355      - 
 15:50:16       0     15      0      0      0      0      0   4473  16355      - 
 15:50:17       0     14      0      0      0      0      0   4482  16355      - 
 15:50:18       0     13      0      0      0      0      0   4480  16355      - 
 15:50:19       0     12      0      0      0      0      0   4486  16355      - 
 15:50:20       0     40     25      0      0      0      0   4481  16355      - 
 15:50:21       0     13      0      0      0      0      0   4496  16355      - 
 15:50:22       0     14      0      0      0      0      0   4484  16355      - 
 15:50:23       0     14      0      0      0      0      0   4484  16355      - 
 15:50:24       0     13      0      0      0      0      0   4484  16355      - 
 15:50:25       0     12      0      0      0      0      0   4484  16355      - 
 15:50:26       0     11      0      0      0      0      0   4509  16355      - 
 15:50:27       0     64     40      0      0      0      0   4503  16355      - 
 15:50:28       0     14      0      0      0      0      0   4503  16355      - 
 15:50:29       0     16      2      0      0      0      0   4500  16355      - 
 15:50:30       0     12      0      0      0      0      0   4506  16355      - 
 15:50:31       0     11      0      0      0      0      0   4500  16355      - 
 15:50:32       0     21      1      0      0      0      0   4508  16355      - 
 15:50:33       0     15      0      0      0      0      0   4508  16355      - 
 15:50:34       0     18      3      0      0      0      0   4508  16355      - 
 15:50:35       0     13      0      0      0      0      0   4508  16355      - 
 15:50:36       0     11      0      0      0      0      0   4508  16355      - 
 15:50:37       0     14      0      0      0      0      0   4508  16355      - 
 15:50:38       0     12      0      0      0      0      0   4508  16355      - 
 15:50:39       0     98     89      0      0      0      0   4514  16355      - 
 15:50:40       0     12      0      0      0      0      0   4509  16355      - 
 15:50:41       0     15      1      0      0      0      0   4509  16355      - 
 15:50:42       0     15      1      0      0      0      0   4509  16355      - 
 15:50:43       0     12      0      0      0      0      0   4527  16355      - 
 15:50:44       0     41     26      0      0      0      0   4524  16355      - 
 15:50:45       0     12      0      0      0      0      0   4524  16355      - 
 15:50:46       0     14      0      0      0      0      0   4524  16355      - 
#Time         gpu     sm    mem    enc    dec    jpg    ofa     fb   bar1   ccpm 
#HH:MM:SS     Idx      %      %      %      %      %      %     MB     MB     MB 
 15:50:47       0     14      1      0      0      0      0   4537  16355      - 
 15:50:48       0     13      0      0      0      0      0   4521  16355      - 
 15:50:49       0     12      0      0      0      0      0   4511  16355      - 
 15:50:50       0     11      0      0      0      0      0   4511  16355      - 
 15:50:51       0     52     32      0      0      0      0   4511  16355      - 
 15:50:52       0     14      1      0      0      0      0   4511  16355      - 
 15:50:53       0     18      3      0      0      0      0   4511  16355      - 
 15:50:54       0     12      0      0      0      0      0   4511  16355      - 
 15:50:55       0     11      0      0      0      0      0   4511  16355      - 
 15:50:56       0     14      1      0      0      0      0   4511  16355      - 
 15:50:57       0     16      0      0      0      0      0   4511  16355      - 
 15:50:58       0     18      2      0      0      0      0   4511  16355      - 
 15:50:59       0     14      0      0      0      0      0   4511  16355      - 
 15:51:00       0     11      0      0      0      0      0   4511  16355      - 
 15:51:01       0     14      1      0      0      0      0   4511  16355      - 
 15:51:02       0     13      1      0      0      0      0   4511  16355      - 
 15:51:03       0     96     86      0      0      0      0   4511  16355      - 
 15:51:04       0     12      0      0      0      0      0   4511  16355      - 
 15:51:05       0     16      1      0      0      0      0   4511  16355      - 
 15:51:06       0     15      1      0      0      0      0   4511  16355      - 
 15:51:07       0     17      1      0      0      0      0   4511  16355      - 
 15:51:08       0     13      0      0      0      0      0   4511  16355      - 
 15:51:09       0     11      0      0      0      0      0   4511  16355      - 
 15:51:10       0     15      1      0      0      0      0   4511  16355      - 
 15:51:11       0     13      1      0      0      0      0   4511  16355      - 
 15:51:12       0     91     82      0      0      0      0   4511  16355      - 
 15:51:13       0     13      0      0      0      0      0   4511  16355      - 
 15:51:14       0     11      0      0      0      0      0   4511  16355      - 
 15:51:15       0     16      0      0      0      0      0   4511  16355      - 
 15:51:16       0      5      2      0      0      0      0   4511  16355      - 
 15:51:17       0      3      2      0      0      0      0   4511  16355      - 
 15:51:18       0     11      5      0      0      0      0   4511  16355      - 
 15:51:19       0      7      4      0      0      0      0   4511  16355      - 
 15:51:20       0     37      6      0      0      0      0   4511  16355      - 
 15:51:21       0     16      0      0      0      0      0   4511  16355      - 
 15:51:22       0     18      0      0      0      0      0   4511  16355      - 
 15:51:23       0     44     24      0      0      0      0   4541  16355      - 
 15:51:24       0     20      1      0      0      0      0   4506  16355      - 
 15:51:25       0     25      1      0      0      0      0   4549  16355      - 
 15:51:26       0     21      1      0      0      0      0   4549  16355      - 
 15:51:27       0     19      3      0      0      0      0   4549  16355      - 
 15:51:28       0     88     73      0      0      0      0   4549  16355      - 
 15:51:29       0     14      0      0      0      0      0   4549  16355      - 
 15:51:30       0     18      0      0      0      0      0   4527  16355      - 
#Time         gpu     sm    mem    enc    dec    jpg    ofa     fb   bar1   ccpm 
#HH:MM:SS     Idx      %      %      %      %      %      %     MB     MB     MB 
 15:51:31       0     19      1      0      0      0      0   4527  16355      - 
 15:51:32       0     11      0      0      0      0      0   4526  16355      - 
 15:51:33       0     28      2      0      0      0      0   4515  16355      - 
 15:51:34       0     16      0      0      0      0      0   4515  16355      - 
 15:51:35       0     87     80      0      0      0      0   4541  16355      - 
 15:51:36       0     13      0      0      0      0      0   4567  16355      - 
 15:51:37       0     19      0      0      0      0      0   4555  16355      - 
 15:51:38       0     22      1      0      0      0      0   4556  16355      - 
 15:51:39       0     19      0      0      0      0      0   4558  16355      - 
 15:51:40       0     19      1      0      0      0      0   4554  16355      - 
 15:51:41       0     20      1      0      0      0      0   4554  16355      - 
 15:51:42       0     19      0      0      0      0      0   4543  16355      - 
 15:51:43       0     18      0      0      0      0      0   4548  16355      - 
 15:51:44       0     15      0      0      0      0      0   4537  16355      - 
 15:51:45       0     18      0      0      0      0      0   4537  16355      - 
 15:51:46       0     16      0      0      0      0      0   4538  16355      - 
 15:51:47       0     19      1      0      0      0      0   4536  16355      - 
 15:51:48       0     19      1      0      0      0      0   4537  16355      - 
 15:51:49       0     46     21      0      0      0      0   4531  16355      - 
 15:51:50       0     19      0      0      0      0      0   4531  16355      - 
 15:51:51       0     15      0      0      0      0      0   4531  16355      - 
 15:51:52       0     18      0      0      0      0      0   4531  16355      - 
 15:51:53       0     17      0      0      0      0      0   4531  16355      - 
 15:51:54       0     99     84      0      0      0      0   4531  16355      - 
 15:51:55       0     17      0      0      0      0      0   4531  16355      - 
 15:51:56       0     20      0      0      0      0      0   4527  16355      - 
 15:51:57       0     19      1      0      0      0      0   4526  16355      - 
 15:51:58       0     17      1      0      0      0      0   4526  16355      - 
 15:51:59       0     62     35      0      0      0      0   4526  16355      - 
 15:52:00       0     17      0      0      0      0      0   4526  16355      - 
 15:52:01       0     21      1      0      0      0      0   4522  16355      - 
 15:52:02       0     20      1      0      0      0      0   4522  16355      - 
 15:52:03       0     17      1      0      0      0      0   4522  16355      - 
 15:52:04       0     20      1      0      0      0      0   4522  16355      - 
 15:52:05       0     18      1      0      0      0      0   4522  16355      - 
 15:52:06       0     99     81      0      0      0      0   4522  16355      - 
 15:52:07       0     17      0      0      0      0      0   4528  16355      - 
 15:52:08       0     19      0      0      0      0      0   4528  16355      - 
 15:52:09       0     19      1      0      0      0      0   4528  16355      - 
 15:52:10       0     16      1      0      0      0      0   4528  16355      - 
 15:52:11       0     54     32      0      0      0      0   4523  16355      - 
 15:52:12       0     15      0      0      0      0      0   4519  16355      - 
 15:52:13       0     17      1      0      0      0      0   4519  16355      - 
 15:52:14       0     18      1      0      0      0      0   4519  16355      - 
#Time         gpu     sm    mem    enc    dec    jpg    ofa     fb   bar1   ccpm 
#HH:MM:SS     Idx      %      %      %      %      %      %     MB     MB     MB 
 15:52:15       0     16      1      0      0      0      0   4519  16355      - 
 15:52:16       0     15      0      0      0      0      0   4520  16355      - 
 15:52:17       0     15      0      0      0      0      0   4519  16355      - 
 15:52:18       0     34     21      0      0      0      0   4532  16355      - 
 15:52:19       0     17      1      0      0      0      0   4534  16355      - 
 15:52:20       0     37      6      0      0      0      0   4525  16355      - 
 15:52:21       0     16      0      0      0      0      0   4524  16355      - 
 15:52:22       0     15      0      0      0      0      0   4524  16355      - 
 15:52:23       0     19      1      0      0      0      0   4549  16355      - 
 15:52:24       0     22      1      0      0      0      0   4560  16355      - 
 15:52:25       0     21      0      0      0      0      0   4558  16355      - 
 15:52:26       0     18      1      0      0      0      0   4554  16355      - 
 15:52:27       0     18      0      0      0      0      0   4547  16355      - 
 15:52:28       0     16      0      0      0      0      0   4555  16355      - 
 15:52:29       0     17      0      0      0      0      0   4529  16355      - 
 15:52:30       0     32     13      0      0      0      0   4532  16355      - 
 15:52:31       0     18      0      0      0      0      0   4643  16355      - 
 15:52:32       0     20      0      0      0      0      0   4638  16355      - 
 15:52:34       0     20      1      0      0      0      0   4561  16355      - 
 15:52:35       0     18      1      0      0      0      0   4566  16355      - 
 15:52:36       0     17      0      0      0      0      0   4568  16355      - 
 15:52:37       0     15      0      0      0      0      0   4568  16355      - 
 15:52:38       0     22      0      0      0      0      0   4553  16355      - 
 15:52:39       0     14      0      0      0      0      0   4545  16355      - 
 15:52:40       0     15      0      0      0      0      0   4540  16355      - 
 15:52:41       0     24      1      0      0      0      0   4566  16355      - 
 15:52:42       0     17      0      0      0      0      0   4566  16355      - 
 15:52:43       0     20      0      0      0      0      0   4564  16355      - 
 15:52:44       0     38     24      0      0      0      0   4562  16355      - 
 15:52:45       0     14      0      0      0      0      0   4563  16355      - 
 15:52:46       0     18      0      0      0      0      0   4562  16355      - 
 15:52:47       0     17      0      0      0      0      0   4560  16355      - 
 15:52:48       0     17      0      0      0      0      0   4570  16355      - 
 15:52:49       0     25     11      0      0      0      0   4567  16355      - 
 15:52:50       0     15      0      0      0      0      0   4565  16355      - 
 15:52:51       0     16      0      0      0      0      0   4565  16355      - 
 15:52:52       0     15      0      0      0      0      0   4563  16355      - 
 15:52:53       0     18      0      0      0      0      0   4559  16355      - 
 15:52:54       0     15      0      0      0      0      0   4549  16355      - 
 15:52:55       0     17      0      0      0      0      0   4544  16355      - 
 15:52:56       0     84     60      0      0      0      0   4549  16355      - 
 15:52:57       0     24      1      0      0      0      0   4549  16355      - 
 15:52:58       0     24      1      0      0      0      0   4548  16355      - 
 15:52:59       0     23      1      0      0      0      0   4548  16355      - 
#Time         gpu     sm    mem    enc    dec    jpg    ofa     fb   bar1   ccpm 
#HH:MM:SS     Idx      %      %      %      %      %      %     MB     MB     MB 
 15:53:00       0     24      0      0      0      0      0   4544  16355      - 
 15:53:01       0     23      0      0      0      0      0   4537  16355      - 
 15:53:02       0     23      0      0      0      0      0   4533  16355      - 
 15:53:03       0     23      0      0      0      0      0   4533  16355      - 
 15:53:04       0     23      0      0      0      0      0   4534  16355      - 
 15:53:05       0     22      0      0      0      0      0   4534  16355      - 
 15:53:06       0     25      1      0      0      0      0   4549  16355      - 
 15:53:07       0     25      0      0      0      0      0   4556  16355      - 
 15:53:08       0     22      0      0      0      0      0   4555  16355      - 
 15:53:09       0     14      0      0      0      0      0   4561  16355      - 
 15:53:10       0     32     16      0      0      0      0   4511  16355      - 
 15:53:11       0     12      0      0      0      0      0   4519  16355      - 
 15:53:12       0     14      0      0      0      0      0   4517  16355      - 
 15:53:13       0     12      0      0      0      0      0   4502  16355      - 
 15:53:14       0     12      0      0      0      0      0   4502  16355      - 
 15:53:15       0     11      0      0      0      0      0   4502  16355      - 
 15:53:16       0     14      0      0      0      0      0   4494  16355      - 
 15:53:17       0     22      1      0      0      0      0   4494  16355      - 
 15:53:18       0     20      0      0      0      0      0   4494  16355      - 
 15:53:19       0     14      0      0      0      0      0   4495  16355      - 
 15:53:20       0     29     12      0      0      0      0   4495  16355      - 
 15:53:21       0     16      0      0      0      0      0   4495  16355      - 
 15:53:22       0     41     23      0      0      0      0   4495  16355      - 
 15:53:23       0     13      0      0      0      0      0   4495  16355      - 
 15:53:24       0     15      0      0      0      0      0   4495  16355      - 
 15:53:25       0     15      2      0      0      0      0   4495  16355      - 
 15:53:26       0     14      0      0      0      0      0   4497  16355      - 
 15:53:27       0     51     33      0      0      0      0   4497  16355      - 
 15:53:28       0     12      0      0      0      0      0   4497  16355      - 
 15:53:29       0     13      0      0      0      0      0   4497  16355      - 
 15:53:30       0     12      0      0      0      0      0   4497  16355      - 
 15:53:31       0     12      0      0      0      0      0   4497  16355      - 
 15:53:32       0     10      0      0      0      0      0   4495  16355      - 
 15:53:33       0     13      0      0      0      0      0   4495  16355      - 
 15:53:34       0     57     43      0      0      0      0   4495  16355      - 
 15:53:35       0     14      0      0      0      0      0   4495  16355      - 
 15:53:36       0     14      0      0      0      0      0   4495  16355      - 
 15:53:37       0     11      0      0      0      0      0   4495  16355      - 
 15:53:38       0     15      0      0      0      0      0   4495  16355      - 
 15:53:39       0     13      0      0      0      0      0   4495  16355      - 
 15:53:40       0     16      0      0      0      0      0   4495  16355      - 
 15:53:41       0     87     80      0      0      0      0   4495  16355      - 
 15:53:42       0     13      0      0      0      0      0   4495  16355      - 
 15:53:43       0     15      0      0      0      0      0   4495  16355      - 
#Time         gpu     sm    mem    enc    dec    jpg    ofa     fb   bar1   ccpm 
#HH:MM:SS     Idx      %      %      %      %      %      %     MB     MB     MB 
 15:53:44       0     57     42      0      0      0      0   4495  16355      - 
 15:53:45       0     13      0      0      0      0      0   4495  16355      - 
 15:53:46       0     17      1      0      0      0      0   4495  16355      - 
 15:53:47       0     14      2      0      0      0      0   4495  16355      - 
 15:53:48       0     14      0      0      0      0      0   4495  16355      - 
 15:53:49       0     12      0      0      0      0      0   4495  16355      - 
 15:53:50       0     19      1      0      0      0      0   4499  16355      - 
 15:53:51       0     33     19      0      0      0      0   4499  16355      - 
 15:53:52       0     16      1      0      0      0      0   4499  16355      - 
 15:53:53       0     14      0      0      0      0      0   4499  16355      - 
 15:53:54       0     12      0      0      0      0      0   4495  16355      - 
 15:53:55       0     14      0      0      0      0      0   4495  16355      - 
 15:53:56       0     18      1      0      0      0      0   4500  16355      - 
 15:53:57       0     16      0      0      0      0      0   4499  16355      - 
 15:53:58       0     21      0      0      0      0      0   4648  16355      - 
 15:53:59       0     19      0      0      0      0      0   4647  16355      - 
 15:54:00       0     21      0      0      0      0      0   4637  16355      - 
 15:54:01       0     19      0      0      0      0      0   4637  16355      - 
 15:54:02       0     22      0      0      0      0      0   4637  16355      - 
 15:54:03       0     22      0      0      0      0      0   4616  16355      - 
 15:54:04       0     23      0      0      0      0      0   4613  16355      - 
 15:54:05       0     21      0      0      0      0      0   4612  16355      - 
 15:54:06       0     21      0      0      0      0      0   4612  16355      - 
 15:54:07       0     22      0      0      0      0      0   4611  16355      - 
 15:54:08       0     21      0      0      0      0      0   4601  16355      - 
 15:54:09       0     23      0      0      0      0      0   4600  16355      - 
 15:54:10       0     22      0      0      0      0      0   4573  16355      - 
 15:54:11       0     24      1      0      0      0      0   4573  16355      - 
 15:54:12       0     21      0      0      0      0      0   4572  16355      - 
 15:54:13       0     21      0      0      0      0      0   4581  16355      - 
 15:54:14       0     22      0      0      0      0      0   4577  16355      - 
 15:54:15       0     21      0      0      0      0      0   4569  16355      - 
 15:54:16       0     23      0      0      0      0      0   4545  16355      - 
 15:54:17       0     23      0      0      0      0      0   4543  16355      - 
 15:54:18       0     25      0      0      0      0      0   4530  16355      - 
 15:54:19       0     22      0      0      0      0      0   4527  16355      - 
 15:54:20       0     22      0      0      0      0      0   4519  16355      - 
 15:54:21       0     23      0      0      0      0      0   4513  16355      - 
 15:54:22       0     24      1      0      0      0      0   4511  16355      - 
 15:54:23       0     23      0      0      0      0      0   4511  16355      - 
 15:54:24       0     40     15      0      0      0      0   4510  16355      - 
 15:54:25       0     22      0      0      0      0      0   4510  16355      - 
 15:54:26       0     24      0      0      0      0      0   4506  16355      - 
 15:54:27       0     24      1      0      0      0      0   4505  16355      - 
#Time         gpu     sm    mem    enc    dec    jpg    ofa     fb   bar1   ccpm 
#HH:MM:SS     Idx      %      %      %      %      %      %     MB     MB     MB 
 15:54:28       0     26      0      0      0      0      0   4499  16355      - 
 15:54:29       0     23      0      0      0      0      0   4497  16355      - 
 15:54:30       0     23      0      0      0      0      0   4497  16355      - 
 15:54:31       0     61     34      0      0      0      0   4497  16355      - 
 15:54:32       0     21      0      0      0      0      0   4496  16355      - 
 15:54:33       0     22      0      0      0      0      0   4496  16355      - 
 15:54:34       0     21      0      0      0      0      0   4496  16355      - 
 15:54:35       0     22      0      0      0      0      0   4496  16355      - 
 15:54:36       0     21      0      0      0      0      0   4496  16355      - 
 15:54:37       0     27      1      0      0      0      0   4496  16355      - 
 15:54:38       0     25      0      0      0      0      0   4496  16355      - 
 15:54:39       0     21      0      0      0      0      0   4496  16355      - 
 15:54:40       0     22      0      0      0      0      0   4496  16355      - 
 15:54:41       0     20      0      0      0      0      0   4496  16355      - 
 15:54:42       0     21      0      0      0      0      0   4494  16355      - 
 15:54:43       0     20      0      0      0      0      0   4493  16355      - 
 15:54:44       0     20      0      0      0      0      0   4493  16355      - 
 15:54:45       0     20      0      0      0      0      0   4493  16355      - 
 15:54:46       0     19      0      0      0      0      0   4493  16355      - 
 15:54:47       0     24      0      0      0      0      0   4493  16355      - 
 15:54:48       0     22      1      0      0      0      0   4493  16355      - 
 15:54:50       0     21      0      0      0      0      0   4494  16355      - 
 15:54:51       0     37     15      0      0      0      0   4493  16355      - 
 15:54:52       0     19      0      0      0      0      0   4495  16355      - 
 15:54:53       0     23      0      0      0      0      0   4503  16355      - 
 15:54:54       0     34      3      0      0      0      0   4503  16355      - 
 15:54:55       0     27      1      0      0      0      0   4503  16355      - 
 15:54:56       0     23      0      0      0      0      0   4503  16355      - 
 15:54:57       0     23      0      0      0      0      0   4505  16355      - 
 15:54:58       0     47     25      0      0      0      0   4496  16355      - 
 15:54:59       0     26      1      0      0      0      0   4515  16355      - 
 15:55:00       0      8      0      0      0      0      0   4515  16355      - 
 15:55:01       0      9      0      0      0      0      0   4511  16355      - 
 15:55:02       0     46      3      0      0      0      0   4511  16355      - 
 15:55:03       0     30      8      0      0      0      0   4511  16355      - 
 15:55:04       0     23      0      0      0      0      0   4510  16355      - 
 15:55:05       0     26      1      0      0      0      0   4502  16355      - 
 15:55:06       0     39     15      0      0      0      0   4500  16355      - 
