#Time         gpu     sm    mem    enc    dec    jpg    ofa     fb   bar1   ccpm 
#HH:MM:SS     Idx      %      %      %      %      %      %     MB     MB     MB 
 15:41:11       0     44      4      0      0      0      0   1198  16355      - 
 15:41:12       0     43      4      0      0      0      0   1198  16355      - 
 15:41:13       0     45      4      0      0      0      0   1198  16355      - 
 15:41:14       0     45      4      0      0      0      0   1198  16355      - 
 15:41:15       0     44      4      0      0      0      0   1198  16355      - 
 15:41:16       0     42      3      0      0      0      0   1199  16355      - 
 15:41:17       0     44      3      0      0      0      0   1208  16355      - 
 15:41:18       0     18      0      0      0      0      0   1489  16355      - 
 15:41:19       0      6      0      0      0      0      0   1489  16355      - 
 15:41:20       0      6      0      0      0      0      0   1517  16355      - 
 15:41:21       0     19      0      0      0      0      0   2045  16355      - 
 15:41:22       0     18      1      0      0      0      0   2625  16355      - 
 15:41:23       0     19      1      0      0      0      0   2779  16355      - 
 15:41:24       0     20      8      0      0      0      0   2779  16355      - 
 15:41:25       0     29     15      0      0      0      0   2779  16355      - 
 15:41:26       0     31     16      0      0      0      0   2779  16355      - 
 15:41:27       0      8      0      0      0      0      0   2779  16355      - 
 15:41:28       0     20      2      0      0      0      0   2779  16355      - 
 15:41:29       0     22      2      0      0      0      0   2779  16355      - 
 15:41:30       0     44      5      0      0      0      0   2779  16355      - 
 15:41:31       0     43      5      0      0      0      0   2779  16355      - 
 15:41:32       0     45      5      0      0      0      0   2779  16355      - 
 15:41:33       0     44      4      0      0      0      0   2779  16355      - 
 15:41:34       0     44      4      0      0      0      0   2779  16355      - 
 15:41:35       0     44      3      0      0      0      0   2779  16355      - 
 15:41:36       0     45      4      0      0      0      0   2782  16355      - 
 15:41:37       0     46      4      0      0      0      0   2782  16355      - 
 15:41:38       0     47      4      0      0      0      0   2782  16355      - 
 15:41:39       0     45      4      0      0      0      0   2782  16355      - 
 15:41:40       0     47      4      0      0      0      0   2782  16355      - 
 15:41:41       0     45      4      0      0      0      0   2781  16355      - 
 15:41:42       0     46      3      0      0      0      0   2780  16355      - 
 15:41:43       0     46      4      0      0      0      0   2780  16355      - 
 15:41:44       0     48      4      0      0      0      0   2782  16355      - 
 15:41:45       0     26      7      0      0      0      0   3414  16355      - 
 15:41:46       0     43     19      0      0      0      0   3414  16355      - 
 15:41:47       0     45     19      0      0      0      0   3414  16355      - 
 15:41:48       0     45     20      0      0      0      0   3414  16355      - 
 15:41:49       0     45     19      0      0      0      0   3414  16355      - 
 15:41:50       0     45     19      0      0      0      0   3414  16355      - 
 15:41:51       0     44     19      0      0      0      0   3414  16355      - 
 15:41:52       0     45     19      0      0      0      0   3414  16355      - 
 15:41:53       0     44     19      0      0      0      0   3414  16355      - 
 15:41:54       0     44     19      0      0      0      0   3414  16355      - 
#Time         gpu     sm    mem    enc    dec    jpg    ofa     fb   bar1   ccpm 
#HH:MM:SS     Idx      %      %      %      %      %      %     MB     MB     MB 
 15:41:55       0     45     19      0      0      0      0   3414  16355      - 
 15:41:56       0     44     19      0      0      0      0   3412  16355      - 
 15:41:57       0     44     19      0      0      0      0   3410  16355      - 
 15:41:58       0      6      0      0      0      0      0   3410  16355      - 
 15:41:59       0      5      0      0      0      0      0   3410  16355      - 
 15:42:00       0      8      0      0      0      0      0   3410  16355      - 
 15:42:01       0      9      0      0      0      0      0   3410  16355      - 
 15:42:02       0     22      3      0      0      0      0   3410  16355      - 
 15:42:03       0     24      2      0      0      0      0   3410  16355      - 
 15:42:04       0     91     51      0      0      0      0   3411  16355      - 
 15:42:05       0     27      8      0      0      0      0   3410  16355      - 
 15:42:06       0     45     20      0      0      0      0   3410  16355      - 
 15:42:07       0     44     19      0      0      0      0   3416  16355      - 
 15:42:08       0     44     19      0      0      0      0   3416  16355      - 
 15:42:09       0     44     19      0      0      0      0   3416  16355      - 
 15:42:10       0     44     19      0      0      0      0   3416  16355      - 
 15:42:11       0     45     19      0      0      0      0   3410  16355      - 
 15:42:12       0     44     19      0      0      0      0   3410  16355      - 
 15:42:13       0     45     20      0      0      0      0   3410  16355      - 
 15:42:14       0     44     19      0      0      0      0   3410  16355      - 
 15:42:15       0     45     20      0      0      0      0   3410  16355      - 
 15:42:16       0     44     19      0      0      0      0   3408  16355      - 
 15:42:17       0     45     19      0      0      0      0   3408  16355      - 
 15:42:18       0     13      0      0      0      0      0   3408  16355      - 
 15:42:19       0     44     18      0      0      0      0   3408  16355      - 
 15:42:20       0     45     19      0      0      0      0   3408  16355      - 
 15:42:21       0     45     19      0      0      0      0   3408  16355      - 
 15:42:22       0     45     19      0      0      0      0   3408  16355      - 
 15:42:23       0     44     19      0      0      0      0   3409  16355      - 
 15:42:24       0     44     19      0      0      0      0   3409  16355      - 
 15:42:25       0     44     18      0      0      0      0   3409  16355      - 
 15:42:26       0     45     19      0      0      0      0   3411  16355      - 
 15:42:27       0     41     14      0      0      0      0   3411  16355      - 
 15:42:28       0     44     18      0      0      0      0   3411  16355      - 
 15:42:29       0     45     19      0      0      0      0   3412  16355      - 
 15:42:30       0     45     19      0      0      0      0   3412  16355      - 
 15:42:31       0     40     13      0      0      0      0   3411  16355      - 
 15:42:32       0      6      0      0      0      0      0   3411  16355      - 
 15:42:33       0      7      0      0      0      0      0   3413  16355      - 
 15:42:34       0     52     26      0      0      0      0   3413  16355      - 
 15:42:35       0      7      0      0      0      0      0   3413  16355      - 
 15:42:36       0      7      0      0      0      0      0   3413  16355      - 
 15:42:37       0      8      0      0      0      0      0   3413  16355      - 
 15:42:38       0     10      0      0      0      0      0   3413  16355      - 
#Time         gpu     sm    mem    enc    dec    jpg    ofa     fb   bar1   ccpm 
#HH:MM:SS     Idx      %      %      %      %      %      %     MB     MB     MB 
 15:42:39       0     11      0      0      0      0      0   3413  16355      - 
 15:42:40       0     22      2      0      0      0      0   3413  16355      - 
 15:42:41       0     44      5      0      0      0      0   3413  16355      - 
