#Time         gpu     sm    mem    enc    dec    jpg    ofa     fb   bar1   ccpm 
#HH:MM:SS     Idx      %      %      %      %      %      %     MB     MB     MB 
 15:55:34       0      0     22      0      0      0      0   1279  16355      - 
 15:55:35       0      0     28      0      0      0      0   1294  16355      - 
 15:55:36       0      0      0      0      0      0      0   1565  16355      - 
 15:55:37       0      1      0      0      0      0      0   1577  16355      - 
 15:55:38       0      8      0      0      0      0      0   1794  16355      - 
 15:55:39       0     22      5      0      0      0      0   2701  16355      - 
 15:55:40       0      7      0      0      0      0      0   2834  16355      - 
 15:55:41       0      8      0      0      0      0      0   2845  16355      - 
 15:55:42       0     11      2      0      0      0      0   2845  16355      - 
 15:55:43       0     10      2      0      0      0      0   2844  16355      - 
 15:55:44       0     12      2      0      0      0      0   2844  16355      - 
 15:55:45       0     14      4      0      0      0      0   2843  16355      - 
 15:55:46       0      9      0      0      0      0      0   2842  16355      - 
 15:55:47       0     12      2      0      0      0      0   2831  16355      - 
 15:55:48       0     12      2      0      0      0      0   2827  16355      - 
 15:55:49       0     42     32      0      0      0      0   2835  16355      - 
 15:55:50       0     15      2      0      0      0      0   2826  16355      - 
 15:55:51       0     35     27      0      0      0      0   2827  16355      - 
 15:55:52       0     12      2      0      0      0      0   2827  16355      - 
 15:55:53       0     12      2      0      0      0      0   2826  16355      - 
 15:55:54       0     19      3      0      0      0      0   2826  16355      - 
 15:55:55       0     15      2      0      0      0      0   2827  16355      - 
 15:55:56       0     61     55      0      0      0      0   2827  16355      - 
 15:55:57       0     13      2      0      0      0      0   2827  16355      - 
 15:55:58       0     20      9      0      0      0      0   2827  16355      - 
 15:55:59       0     12      2      0      0      0      0   2833  16355      - 
 15:56:00       0     10      2      0      0      0      0   2833  16355      - 
 15:56:01       0     18      2      0      0      0      0   2829  16355      - 
 15:56:02       0     13      2      0      0      0      0   2826  16355      - 
 15:56:03       0     15      2      0      0      0      0   2826  16355      - 
 15:56:04       0     11      2      0      0      0      0   2826  16355      - 
 15:56:05       0     19      3      0      0      0      0   2826  16355      - 
 15:56:06       0     12      2      0      0      0      0   2824  16355      - 
 15:56:07       0     15      2      0      0      0      0   2811  16355      - 
 15:56:08       0     12      2      0      0      0      0   2811  16355      - 
 15:56:09       0     22     13      0      0      0      0   2813  16355      - 
 15:56:10       0     13      2      0      0      0      0   2813  16355      - 
 15:56:11       0     29     19      0      0      0      0   2813  16355      - 
 15:56:12       0      7      0      0      0      0      0   2823  16355      - 
 15:56:13       0      9      0      0      0      0      0   2832  16355      - 
 15:56:14       0     14      3      0      0      0      0   2828  16355      - 
 15:56:15       0     10      2      0      0      0      0   2828  16355      - 
 15:56:16       0     13      2      0      0      0      0   2827  16355      - 
 15:56:17       0     13      1      0      0      0      0   2828  16355      - 
#Time         gpu     sm    mem    enc    dec    jpg    ofa     fb   bar1   ccpm 
#HH:MM:SS     Idx      %      %      %      %      %      %     MB     MB     MB 
 15:56:18       0     13      2      0      0      0      0   2827  16355      - 
 15:56:19       0     13      2      0      0      0      0   2828  16355      - 
 15:56:20       0     27     17      0      0      0      0   2829  16355      - 
 15:56:21       0      8      0      0      0      0      0   2843  16355      - 
 15:56:22       0      8      0      0      0      0      0   2847  16355      - 
 15:56:23       0      8      0      0      0      0      0   2819  16355      - 
 15:56:24       0      7      0      0      0      0      0   2819  16355      - 
 15:56:25       0     22      1      0      0      0      0   2991  16355      - 
 15:56:26       0     18      0      0      0      0      0   3001  16355      - 
 15:56:27       0     21      1      0      0      0      0   3007  16355      - 
 15:56:28       0     12      0      0      0      0      0   3004  16355      - 
 15:56:29       0     32      6      0      0      0      0   3023  16355      - 
 15:56:30       0     15      3      0      0      0      0   2726  16355      - 
 15:56:31       0     12      2      0      0      0      0   2721  16355      - 
 15:56:32       0     12      2      0      0      0      0   2720  16355      - 
 15:56:33       0     14      6      0      0      0      0   2717  16355      - 
 15:56:34       0     14      2      0      0      0      0   2717  16355      - 
 15:56:35       0     12      0      0      0      0      0   2720  16355      - 
 15:56:36       0     11      2      0      0      0      0   2738  16355      - 
 15:56:37       0      8      0      0      0      0      0   2736  16355      - 
 15:56:38       0      7      0      0      0      0      0   2736  16355      - 
 15:56:39       0     10      2      0      0      0      0   2736  16355      - 
 15:56:40       0     12      2      0      0      0      0   2722  16355      - 
 15:56:41       0     14      2      0      0      0      0   2728  16355      - 
 15:56:42       0     59     55      0      0      0      0   2729  16355      - 
 15:56:43       0     19      4      0      0      0      0   2716  16355      - 
 15:56:44       0     15      1      0      0      0      0   2720  16355      - 
 15:56:45       0     15      3      0      0      0      0   2718  16355      - 
 15:56:46       0     22      4      0      0      0      0   2716  16355      - 
 15:56:47       0     12      2      0      0      0      0   2707  16355      - 
 15:56:48       0     17      2      0      0      0      0   2707  16355      - 
 15:56:49       0     27     20      0      0      0      0   2708  16355      - 
 15:56:50       0     11      2      0      0      0      0   2708  16355      - 
 15:56:51       0     13      2      0      0      0      0   2708  16355      - 
 15:56:52       0     14      2      0      0      0      0   2708  16355      - 
 15:56:53       0     18      7      0      0      0      0   2708  16355      - 
 15:56:54       0     13      2      0      0      0      0   2708  16355      - 
 15:56:55       0     12      2      0      0      0      0   2708  16355      - 
 15:56:56       0     14      2      0      0      0      0   2708  16355      - 
 15:56:57       0     23      1      0      0      0      0   2694  16355      - 
 15:56:58       0     14      2      0      0      0      0   2695  16355      - 
 15:56:59       0     12      2      0      0      0      0   2694  16355      - 
 15:57:00       0     28     17      0      0      0      0   2694  16355      - 
 15:57:01       0     11      2      0      0      0      0   2694  16355      - 
#Time         gpu     sm    mem    enc    dec    jpg    ofa     fb   bar1   ccpm 
#HH:MM:SS     Idx      %      %      %      %      %      %     MB     MB     MB 
 15:57:02       0     11      2      0      0      0      0   2694  16355      - 
 15:57:03       0     13      2      0      0      0      0   2694  16355      - 
 15:57:04       0     11      2      0      0      0      0   2694  16355      - 
 15:57:05       0     35     25      0      0      0      0   2694  16355      - 
 15:57:06       0     13      2      0      0      0      0   2694  16355      - 
 15:57:07       0     11      2      0      0      0      0   2694  16355      - 
 15:57:08       0     42     30      0      0      0      0   2694  16355      - 
 15:57:09       0     12      2      0      0      0      0   2694  16355      - 
 15:57:10       0     13      2      0      0      0      0   2694  16355      - 
 15:57:11       0     12      2      0      0      0      0   2694  16355      - 
 15:57:12       0     15      2      0      0      0      0   2694  16355      - 
 15:57:13       0     14      2      0      0      0      0   2694  16355      - 
 15:57:14       0     13      2      0      0      0      0   2694  16355      - 
 15:57:15       0     60     50      0      0      0      0   2694  16355      - 
 15:57:16       0     13      2      0      0      0      0   2694  16355      - 
 15:57:17       0     28      2      0      0      0      0   2699  16355      - 
 15:57:18       0     52     38      0      0      0      0   2699  16355      - 
 15:57:19       0     24      3      0      0      0      0   2699  16355      - 
 15:57:20       0     33      2      0      0      0      0   2699  16355      - 
 15:57:21       0     14      3      0      0      0      0   2699  16355      - 
 15:57:22       0     61     55      0      0      0      0   2699  16355      - 
 15:57:23       0     11      2      0      0      0      0   2699  16355      - 
 15:57:24       0     21      4      0      0      0      0   2699  16355      - 
 15:57:25       0     57     50      0      0      0      0   2699  16355      - 
 15:57:26       0     13      2      0      0      0      0   2699  16355      - 
 15:57:27       0     18      3      0      0      0      0   2699  16355      - 
 15:57:28       0     13      2      0      0      0      0   2699  16355      - 
 15:57:29       0     18      2      0      0      0      0   2699  16355      - 
 15:57:30       0     35     17      0      0      0      0   2699  16355      - 
 15:57:31       0     15      2      0      0      0      0   2699  16355      - 
 15:57:32       0     18      2      0      0      0      0   2699  16355      - 
 15:57:33       0     13      2      0      0      0      0   2699  16355      - 
 15:57:34       0     12      1      0      0      0      0   2699  16355      - 
 15:57:35       0     17      3      0      0      0      0   2699  16355      - 
 15:57:36       0     14      1      0      0      0      0   2699  16355      - 
 15:57:38       0     17      2      0      0      0      0   2699  16355      - 
 15:57:39       0     78     61      0      0      0      0   2699  16355      - 
 15:57:40       0     14      2      0      0      0      0   2699  16355      - 
 15:57:41       0     13      2      0      0      0      0   2699  16355      - 
 15:57:42       0     67     56      0      0      0      0   2699  16355      - 
 15:57:43       0     14      1      0      0      0      0   2694  16355      - 
 15:57:44       0     13      2      0      0      0      0   2694  16355      - 
 15:57:45       0     15      2      0      0      0      0   2694  16355      - 
 15:57:46       0     56     47      0      0      0      0   2694  16355      - 
#Time         gpu     sm    mem    enc    dec    jpg    ofa     fb   bar1   ccpm 
#HH:MM:SS     Idx      %      %      %      %      %      %     MB     MB     MB 
 15:57:47       0     14      2      0      0      0      0   2694  16355      - 
 15:57:48       0     13      2      0      0      0      0   2694  16355      - 
 15:57:49       0     13      2      0      0      0      0   2691  16355      - 
 15:57:50       0     15      3      0      0      0      0   2690  16355      - 
 15:57:51       0     63     54      0      0      0      0   2690  16355      - 
 15:57:52       0     12      2      0      0      0      0   2690  16355      - 
 15:57:53       0     23     13      0      0      0      0   2690  16355      - 
 15:57:54       0     12      2      0      0      0      0   2690  16355      - 
 15:57:55       0     13      2      0      0      0      0   2690  16355      - 
 15:57:56       0     22      9      0      0      0      0   2690  16355      - 
 15:57:57       0     14      3      0      0      0      0   2690  16355      - 
 15:57:58       0     13      2      0      0      0      0   2690  16355      - 
 15:57:59       0     14      2      0      0      0      0   2690  16355      - 
 15:58:00       0     15      4      0      0      0      0   2690  16355      - 
 15:58:01       0     53     45      0      0      0      0   2690  16355      - 
 15:58:02       0     12      2      0      0      0      0   2690  16355      - 
 15:58:03       0     14      2      0      0      0      0   2690  16355      - 
 15:58:04       0     13      2      0      0      0      0   2690  16355      - 
 15:58:05       0     11      2      0      0      0      0   2690  16355      - 
 15:58:06       0     24     11      0      0      0      0   2690  16355      - 
 15:58:07       0     13      4      0      0      0      0   2690  16355      - 
 15:58:08       0     12      2      0      0      0      0   2690  16355      - 
 15:58:09       0     15      2      0      0      0      0   2690  16355      - 
 15:58:10       0     14      2      0      0      0      0   2690  16355      - 
 15:58:11       0     17      8      0      0      0      0   2690  16355      - 
 15:58:12       0     12      2      0      0      0      0   2690  16355      - 
 15:58:13       0     12      4      0      0      0      0   2690  16355      - 
 15:58:14       0     56     49      0      0      0      0   2690  16355      - 
 15:58:15       0     11      2      0      0      0      0   2690  16355      - 
 15:58:16       0     13      3      0      0      0      0   2690  16355      - 
 15:58:17       0     12      1      0      0      0      0   2690  16355      - 
 15:58:18       0     11      1      0      0      0      0   2690  16355      - 
 15:58:19       0     80     68      0      0      0      0   2690  16355      - 
 15:58:20       0     12      1      0      0      0      0   2690  16355      - 
 15:58:21       0     13      2      0      0      0      0   2690  16355      - 
 15:58:22       0     15      1      0      0      0      0   2690  16355      - 
 15:58:23       0     15      3      0      0      0      0   2690  16355      - 
 15:58:24       0     49     43      0      0      0      0   2690  16355      - 
 15:58:25       0      0      2      0      0      0      0   2690  16355      - 
 15:58:26       0      0      3      0      0      0      0   2694  16355      - 
 15:58:27       0     21      4      0      0      0      0   2695  16355      - 
 15:58:28       0     35      4      0      0      0      0   2695  16355      - 
 15:58:29       0     36      3      0      0      0      0   2695  16355      - 
 15:58:30       0      3      3      0      0      0      0   2695  16355      - 
#Time         gpu     sm    mem    enc    dec    jpg    ofa     fb   bar1   ccpm 
#HH:MM:SS     Idx      %      %      %      %      %      %     MB     MB     MB 
 15:58:31       0     20      4      0      0      0      0   2695  16355      - 
 15:58:32       0      7      3      0      0      0      0   2695  16355      - 
 15:58:33       0      7      3      0      0      0      0   2695  16355      - 
 15:58:34       0      2      3      0      0      0      0   2695  16355      - 
 15:58:35       0      6      3      0      0      0      0   2695  16355      - 
 15:58:36       0      0      3      0      0      0      0   2695  16355      - 
 15:58:37       0      0      3      0      0      0      0   2695  16355      - 
 15:58:38       0      0      3      0      0      0      0   2695  16355      - 
 15:58:39       0      7      3      0      0      0      0   2695  16355      - 
 15:58:40       0      7      8      0      0      0      0   2695  16355      - 
 15:58:41       0     53      3      0      0      0      0   2695  16355      - 
 15:58:42       0     22      4      0      0      0      0   3327  16355      - 
 15:58:43       0     14      0      0      0      0      0   3327  16355      - 
 15:58:44       0     16      0      0      0      0      0   3327  16355      - 
 15:58:45       0     19      2      0      0      0      0   3327  16355      - 
 15:58:46       0     14      0      0      0      0      0   3327  16355      - 
 15:58:47       0     14      0      0      0      0      0   3327  16355      - 
 15:58:48       0     15      0      0      0      0      0   3327  16355      - 
 15:58:49       0     17      0      0      0      0      0   3327  16355      - 
 15:58:50       0     26      2      0      0      0      0   3326  16355      - 
 15:58:51       0     27      4      0      0      0      0   3327  16355      - 
 15:58:52       0     22      4      0      0      0      0   3327  16355      - 
 15:58:53       0     26      4      0      0      0      0   3327  16355      - 
 15:58:54       0     20      3      0      0      0      0   3327  16355      - 
 15:58:55       0     26      4      0      0      0      0   3327  16355      - 
 15:58:56       0     29      4      0      0      0      0   3327  16355      - 
 15:58:57       0     27      4      0      0      0      0   3327  16355      - 
 15:58:58       0     28      7      0      0      0      0   3327  16355      - 
 15:58:59       0     15      0      0      0      0      0   3327  16355      - 
 15:59:00       0     17      0      0      0      0      0   3327  16355      - 
 15:59:01       0     24      1      0      0      0      0   3327  16355      - 
 15:59:02       0     28      4      0      0      0      0   3327  16355      - 
 15:59:03       0     20      0      0      0      0      0   3327  16355      - 
 15:59:04       0     17      0      0      0      0      0   3327  16355      - 
 15:59:05       0     19      1      0      0      0      0   3327  16355      - 
 15:59:06       0     24      6      0      0      0      0   3327  16355      - 
 15:59:07       0     22      1      0      0      0      0   3327  16355      - 
 15:59:08       0     80     62      0      0      0      0   3327  16355      - 
 15:59:09       0     19      0      0      0      0      0   3327  16355      - 
 15:59:10       0     22      1      0      0      0      0   3327  16355      - 
 15:59:11       0     19      1      0      0      0      0   3327  16355      - 
 15:59:12       0     25      1      0      0      0      0   3327  16355      - 
 15:59:13       0     27      4      0      0      0      0   3327  16355      - 
 15:59:14       0     19      0      0      0      0      0   3327  16355      - 
#Time         gpu     sm    mem    enc    dec    jpg    ofa     fb   bar1   ccpm 
#HH:MM:SS     Idx      %      %      %      %      %      %     MB     MB     MB 
 15:59:15       0     19      0      0      0      0      0   3327  16355      - 
 15:59:16       0     18      1      0      0      0      0   3327  16355      - 
 15:59:17       0     28      4      0      0      0      0   3327  16355      - 
 15:59:18       0     17      0      0      0      0      0   3327  16355      - 
 15:59:19       0     18      0      0      0      0      0   3327  16355      - 
 15:59:20       0     28      4      0      0      0      0   3327  16355      - 
 15:59:21       0     82     66      0      0      0      0   3327  16355      - 
 15:59:22       0     17      0      0      0      0      0   3327  16355      - 
 15:59:23       0     20      0      0      0      0      0   3325  16355      - 
 15:59:24       0     20      0      0      0      0      0   3330  16355      - 
 15:59:25       0     20      0      0      0      0      0   3330  16355      - 
 15:59:26       0     18      0      0      0      0      0   3330  16355      - 
 15:59:27       0     23      1      0      0      0      0   3330  16355      - 
 15:59:28       0     32      4      0      0      0      0   3330  16355      - 
 15:59:29       0     20      0      0      0      0      0   3330  16355      - 
 15:59:30       0     17      0      0      0      0      0   3330  16355      - 
 15:59:31       0     21      1      0      0      0      0   3330  16355      - 
 15:59:32       0     46     15      0      0      0      0   3330  16355      - 
 15:59:33       0     19      0      0      0      0      0   3330  16355      - 
 15:59:34       0     61     40      0      0      0      0   3329  16355      - 
 15:59:35       0     17      0      0      0      0      0   3329  16355      - 
 15:59:36       0     21      0      0      0      0      0   3325  16355      - 
 15:59:37       0     18      0      0      0      0      0   3325  16355      - 
 15:59:38       0     20      0      0      0      0      0   3325  16355      - 
 15:59:39       0     19      0      0      0      0      0   3325  16355      - 
 15:59:40       0     20      1      0      0      0      0   3325  16355      - 
 15:59:41       0     28      4      0      0      0      0   3325  16355      - 
 15:59:42       0     18      0      0      0      0      0   3325  16355      - 
 15:59:43       0     17      0      0      0      0      0   3325  16355      - 
 15:59:44       0     31      5      0      0      0      0   3325  16355      - 
 15:59:45       0     18      0      0      0      0      0   3325  16355      - 
 15:59:46       0     16      0      0      0      0      0   3325  16355      - 
 15:59:47       0     22      0      0      0      0      0   3325  16355      - 
 15:59:48       0     20      0      0      0      0      0   3325  16355      - 
 15:59:49       0     21      1      0      0      0      0   3325  16355      - 
 15:59:51       0     32      5      0      0      0      0   3325  16355      - 
 15:59:52       0     18      0      0      0      0      0   3325  16355      - 
 15:59:53       0     38     13      0      0      0      0   3321  16355      - 
 15:59:54       0     20      1      0      0      0      0   3321  16355      - 
 15:59:55       0     21      1      0      0      0      0   3321  16355      - 
 15:59:56       0     18      2      0      0      0      0   3329  16355      - 
 15:59:57       0     13      0      0      0      0      0   3329  16355      - 
 15:59:58       0     12      0      0      0      0      0   3328  16355      - 
 15:59:59       0     14      0      0      0      0      0   3328  16355      - 
#Time         gpu     sm    mem    enc    dec    jpg    ofa     fb   bar1   ccpm 
#HH:MM:SS     Idx      %      %      %      %      %      %     MB     MB     MB 
 16:00:00       0     27      2      0      0      0      0   3329  16355      - 
 16:00:01       0     68     48      0      0      0      0   3325  16355      - 
 16:00:02       0     21      3      0      0      0      0   3325  16355      - 
 16:00:03       0     27      4      0      0      0      0   3325  16355      - 
 16:00:04       0     25      4      0      0      0      0   3325  16355      - 
 16:00:05       0     99     70      0      0      0      0   3325  16355      - 
 16:00:06       0     15      0      0      0      0      0   3325  16355      - 
 16:00:07       0     18      1      0      0      0      0   3325  16355      - 
 16:00:08       0     23      1      0      0      0      0   3325  16355      - 
 16:00:09       0     26      2      0      0      0      0   3331  16355      - 
 16:00:10       0     18      0      0      0      0      0   3331  16355      - 
 16:00:11       0     17      0      0      0      0      0   3331  16355      - 
 16:00:12       0     20      0      0      0      0      0   3330  16355      - 
 16:00:13       0     17      0      0      0      0      0   3326  16355      - 
 16:00:14       0     19      0      0      0      0      0   3326  16355      - 
 16:00:15       0     20      0      0      0      0      0   3326  16355      - 
 16:00:16       0     18      0      0      0      0      0   3326  16355      - 
 16:00:17       0     26      3      0      0      0      0   3326  16355      - 
 16:00:18       0     19      0      0      0      0      0   3326  16355      - 
 16:00:19       0     15      0      0      0      0      0   3326  16355      - 
 16:00:20       0     20      1      0      0      0      0   3326  16355      - 
 16:00:21       0     72     51      0      0      0      0   3326  16355      - 
 16:00:22       0     21      0      0      0      0      0   3326  16355      - 
 16:00:23       0     20      1      0      0      0      0   3332  16355      - 
 16:00:24       0     20      0      0      0      0      0   3332  16355      - 
 16:00:25       0     24      0      0      0      0      0   3333  16355      - 
 16:00:26       0     28      2      0      0      0      0   3332  16355      - 
 16:00:27       0     18      0      0      0      0      0   3332  16355      - 
 16:00:28       0     19      0      0      0      0      0   3366  16355      - 
 16:00:29       0     25      1      0      0      0      0   3366  16355      - 
 16:00:30       0     33      2      0      0      0      0   3355  16355      - 
 16:00:31       0     26      0      0      0      0      0   3351  16355      - 
 16:00:32       0     18      0      0      0      0      0   3358  16355      - 
 16:00:33       0     20      0      0      0      0      0   3351  16355      - 
 16:00:34       0     40      9      0      0      0      0   3353  16355      - 
 16:00:35       0     23      0      0      0      0      0   3352  16355      - 
 16:00:36       0     24      0      0      0      0      0   3351  16355      - 
 16:00:37       0     26      1      0      0      0      0   3346  16355      - 
 16:00:38       0     40     11      0      0      0      0   3357  16355      - 
 16:00:39       0     36      4      0      0      0      0   3351  16355      - 
 16:00:40       0     81     59      0      0      0      0   3328  16355      - 
 16:00:41       0     22      0      0      0      0      0   3328  16355      - 
 16:00:42       0     49     13      0      0      0      0   3323  16355      - 
 16:00:43       0     24      1      0      0      0      0   3321  16355      - 
#Time         gpu     sm    mem    enc    dec    jpg    ofa     fb   bar1   ccpm 
#HH:MM:SS     Idx      %      %      %      %      %      %     MB     MB     MB 
 16:00:44       0     92     75      0      0      0      0   3327  16355      - 
 16:00:45       0     24      0      0      0      0      0   3321  16355      - 
 16:00:46       0     26      1      0      0      0      0   3319  16355      - 
 16:00:47       0     27      1      0      0      0      0   3315  16355      - 
 16:00:48       0     94     78      0      0      0      0   3315  16355      - 
 16:00:49       0     24      0      0      0      0      0   3314  16355      - 
 16:00:50       0     28      1      0      0      0      0   3314  16355      - 
 16:00:51       0     26      1      0      0      0      0   3314  16355      - 
 16:00:52       0     30      1      0      0      0      0   3318  16355      - 
 16:00:53       0     39      5      0      0      0      0   3318  16355      - 
 16:00:54       0     26      0      0      0      0      0   3318  16355      - 
 16:00:55       0     22      0      0      0      0      0   3316  16355      - 
 16:00:56       0     25      1      0      0      0      0   3316  16355      - 
 16:00:57       0     36      5      0      0      0      0   3317  16355      - 
 16:00:58       0     24      0      0      0      0      0   3317  16355      - 
 16:00:59       0     23      0      0      0      0      0   3317  16355      - 
 16:01:00       0     26      1      0      0      0      0   3315  16355      - 
 16:01:01       0     42      9      0      0      0      0   3313  16355      - 
 16:01:02       0     26      0      0      0      0      0   3313  16355      - 
 16:01:03       0     76     55      0      0      0      0   3313  16355      - 
 16:01:04       0     26      0      0      0      0      0   3313  16355      - 
 16:01:05       0     47     20      0      0      0      0   3312  16355      - 
 16:01:06       0     21      1      0      0      0      0   3313  16355      - 
 16:01:07       0     24      1      0      0      0      0   3313  16355      - 
 16:01:08       0     35      4      0      0      0      0   3313  16355      - 
 16:01:09       0     27      3      0      0      0      0   3313  16355      - 
 16:01:10       0     19      0      0      0      0      0   3313  16355      - 
 16:01:11       0     24      0      0      0      0      0   3312  16355      - 
 16:01:12       0     24      1      0      0      0      0   3312  16355      - 
 16:01:13       0     17      2      0      0      0      0   3312  16355      - 
 16:01:14       0     29      1      0      0      0      0   3312  16355      - 
 16:01:15       0     35      5      0      0      0      0   3320  16355      - 
 16:01:16       0     43      6      0      0      0      0   3320  16355      - 
 16:01:17       0     40     20      0      0      0      0   3315  16355      - 
 16:01:18       0     20      0      0      0      0      0   3320  16355      - 
 16:01:19       0     23      0      0      0      0      0   3320  16355      - 
 16:01:20       0     28      4      0      0      0      0   3320  16355      - 
 16:01:21       0     66     36      0      0      0      0   3320  16355      - 
 16:01:22       0     26      0      0      0      0      0   3319  16355      - 
 16:01:23       0     28      1      0      0      0      0   3314  16355      - 
 16:01:24       0     23      1      0      0      0      0   3314  16355      - 
 16:01:25       0     28      1      0      0      0      0   3314  16355      - 
 16:01:26       0     34      4      0      0      0      0   3314  16355      - 
 16:01:27       0     32      4      0      0      0      0   3314  16355      - 
#Time         gpu     sm    mem    enc    dec    jpg    ofa     fb   bar1   ccpm 
#HH:MM:SS     Idx      %      %      %      %      %      %     MB     MB     MB 
 16:01:28       0     65     39      0      0      0      0   3314  16355      - 
 16:01:29       0     23      0      0      0      0      0   3314  16355      - 
 16:01:30       0     23      0      0      0      0      0   3321  16355      - 
 16:01:31       0     28      1      0      0      0      0   3321  16355      - 
 16:01:32       0     35      5      0      0      0      0   3321  16355      - 
 16:01:33       0     32      4      0      0      0      0   3315  16355      - 
 16:01:35       0     36      4      0      0      0      0   3315  16355      - 
 16:01:36       0     87     62      0      0      0      0   3315  16355      - 
 16:01:37       0     22      0      0      0      0      0   3315  16355      - 
 16:01:38       0     21      0      0      0      0      0   3312  16355      - 
 16:01:39       0     23      1      0      0      0      0   3321  16355      - 
 16:01:40       0     23      1      0      0      0      0   3321  16355      - 
 16:01:41       0     33      4      0      0      0      0   3321  16355      - 
 16:01:42       0     35      3      0      0      0      0   3320  16355      - 
 16:01:43       0     35      3      0      0      0      0   3320  16355      - 
 16:01:44       0     23      0      0      0      0      0   3308  16355      - 
 16:01:45       0     24      0      0      0      0      0   3308  16355      - 
 16:01:46       0     25      1      0      0      0      0   3308  16355      - 
 16:01:47       0     30     10      0      0      0      0   3308  16355      - 
 16:01:48       0     22      0      0      0      0      0   3308  16355      - 
 16:01:49       0     19      0      0      0      0      0   3308  16355      - 
 16:01:50       0     27      3      0      0      0      0   3308  16355      - 
 16:01:51       0     58     28      0      0      0      0   3308  16355      - 
 16:01:52       0     20      0      0      0      0      0   3308  16355      - 
 16:01:53       0     25      1      0      0      0      0   3308  16355      - 
 16:01:54       0     22      1      0      0      0      0   3321  16355      - 
 16:01:55       0     25      1      0      0      0      0   3321  16355      - 
 16:01:56       0     34      5      0      0      0      0   3321  16355      - 
 16:01:57       0     34      5      0      0      0      0   3321  16355      - 
 16:01:58       0     66     39      0      0      0      0   3321  16355      - 
 16:01:59       0     22      0      0      0      0      0   3320  16355      - 
 16:02:00       0     20      0      0      0      0      0   3312  16355      - 
 16:02:01       0     24      1      0      0      0      0   3308  16355      - 
 16:02:02       0     27      1      0      0      0      0   3308  16355      - 
 16:02:03       0     30      4      0      0      0      0   3308  16355      - 
 16:02:04       0     38      4      0      0      0      0   3308  16355      - 
 16:02:05       0     36      3      0      0      0      0   3308  16355      - 
 16:02:06       0     22      0      0      0      0      0   3308  16355      - 
 16:02:07       0     22      0      0      0      0      0   3308  16355      - 
 16:02:08       0     34      5      0      0      0      0   3308  16355      - 
 16:02:09       0     36     12      0      0      0      0   3308  16355      - 
 16:02:10       0     25      0      0      0      0      0   3308  16355      - 
 16:02:11       0     23      1      0      0      0      0   3308  16355      - 
 16:02:12       0     22      1      0      0      0      0   3308  16355      - 
#Time         gpu     sm    mem    enc    dec    jpg    ofa     fb   bar1   ccpm 
#HH:MM:SS     Idx      %      %      %      %      %      %     MB     MB     MB 
 16:02:13       0     28      1      0      0      0      0   3308  16355      - 
 16:02:14       0     32      5      0      0      0      0   3308  16355      - 
 16:02:15       0     35      5      0      0      0      0   3308  16355      - 
 16:02:16       0     45      6      0      0      0      0   3308  16355      - 
 16:02:17       0     22      0      0      0      0      0   3307  16355      - 
 16:02:18       0     20      0      0      0      0      0   3307  16355      - 
 16:02:19       0     27      1      0      0      0      0   3305  16355      - 
 16:02:20       0     39      3      0      0      0      0   3305  16355      - 
 16:02:21       0     25      0      0      0      0      0   3305  16355      - 
 16:02:22       0     20      0      0      0      0      0   3305  16355      - 
 16:02:23       0     25      1      0      0      0      0   3305  16355      - 
 16:02:24       0     37      4      0      0      0      0   3305  16355      - 
 16:02:25       0     21      0      0      0      0      0   3313  16355      - 
 16:02:26       0     29      5      0      0      0      0   3311  16355      - 
 16:02:27       0     23      1      0      0      0      0   3311  16355      - 
 16:02:28       0     33      9      0      0      0      0   3311  16355      - 
 16:02:29       0     20      0      0      0      0      0   3311  16355      - 
 16:02:30       0     24      1      0      0      0      0   3311  16355      - 
 16:02:31       0     37      4      0      0      0      0   3311  16355      - 
 16:02:32       0     21      0      0      0      0      0   3311  16355      - 
 16:02:33       0     19      0      0      0      0      0   3312  16355      - 
 16:02:34       0     24      1      0      0      0      0   3313  16355      - 
 16:02:35       0     34      3      0      0      0      0   3324  16355      - 
 16:02:36       0     20      0      0      0      0      0   3324  16355      - 
 16:02:37       0     18      0      0      0      0      0   3326  16355      - 
 16:02:38       0     20      0      0      0      0      0   3327  16355      - 
 16:02:39       0     41     12      0      0      0      0   3336  16355      - 
 16:02:40       0     20      0      0      0      0      0   3341  16355      - 
 16:02:41       0     24      0      0      0      0      0   3340  16355      - 
 16:02:42       0     35      2      0      0      0      0   3331  16355      - 
 16:02:43       0     35     10      0      0      0      0   3336  16355      - 
 16:02:44       0     21      0      0      0      0      0   3339  16355      - 
 16:02:45       0     18      1      0      0      0      0   3339  16355      - 
 16:02:46       0     16      0      0      0      0      0   3333  16355      - 
 16:02:47       0     20      2      0      0      0      0   3334  16355      - 
 16:02:48       0     15      0      0      0      0      0   3327  16355      - 
 16:02:49       0     18      0      0      0      0      0   3335  16355      - 
 16:02:50       0     12      0      0      0      0      0   3330  16355      - 
 16:02:51       0     12      0      0      0      0      0   3330  16355      - 
 16:02:52       0     16      0      0      0      0      0   3330  16355      - 
 16:02:53       0     20      0      0      0      0      0   3333  16355      - 
 16:02:54       0     61     44      0      0      0      0   3333  16355      - 
 16:02:55       0     15      1      0      0      0      0   3333  16355      - 
 16:02:56       0     12      0      0      0      0      0   3332  16355      - 
#Time         gpu     sm    mem    enc    dec    jpg    ofa     fb   bar1   ccpm 
#HH:MM:SS     Idx      %      %      %      %      %      %     MB     MB     MB 
 16:02:57       0     12      0      0      0      0      0   3332  16355      - 
 16:02:58       0     16      0      0      0      0      0   3329  16355      - 
 16:02:59       0     15      0      0      0      0      0   3329  16355      - 
 16:03:00       0     23      2      0      0      0      0   3329  16355      - 
 16:03:01       0     94     88      0      0      0      0   3322  16355      - 
 16:03:02       0     15      1      0      0      0      0   3322  16355      - 
 16:03:03       0     20      1      0      0      0      0   3321  16355      - 
 16:03:04       0      3      1      0      0      0      0   3321  16355      - 
 16:03:05       0     12     11      0      0      0      0   3321  16355      - 
 16:03:07       0     99     84      0      0      0      0   3316  16355      - 
 16:03:08       0     24      0      0      0      0      0   3310  16355      - 
 16:03:09       0     57     45      0      0      0      0   3310  16355      - 
 16:03:10       0     40     20      0      0      0      0   3310  16355      - 
 16:03:11       0     53     22      0      0      0      0   3306  16355      - 
 16:03:12       0     22      0      0      0      0      0   3324  16355      - 
 16:03:13       0     33      8      0      0      0      0   3324  16355      - 
 16:03:14       0     22      1      0      0      0      0   3324  16355      - 
 16:03:15       0     28      5      0      0      0      0   3325  16355      - 
 16:03:16       0     33      6      0      0      0      0   3310  16355      - 
 16:03:17       0     25      4      0      0      0      0   3310  16355      - 
 16:03:18       0     24      4      0      0      0      0   3310  16355      - 
 16:03:19       0     20      3      0      0      0      0   3310  16355      - 
 16:03:20       0     23      4      0      0      0      0   3310  16355      - 
 16:03:21       0     29      4      0      0      0      0   3310  16355      - 
 16:03:22       0     18      0      0      0      0      0   3310  16355      - 
 16:03:23       0     20      1      0      0      0      0   3330  16355      - 
 16:03:24       0     26      7      0      0      0      0   3330  16355      - 
 16:03:25       0     24      0      0      0      0      0   3328  16355      - 
 16:03:26       0     26      1      0      0      0      0   3328  16355      - 
 16:03:27       0     28      2      0      0      0      0   3329  16355      - 
 16:03:28       0     97     82      0      0      0      0   3329  16355      - 
 16:03:29       0     18      0      0      0      0      0   3325  16355      - 
 16:03:30       0     22      1      0      0      0      0   3325  16355      - 
 16:03:31       0     30      5      0      0      0      0   3325  16355      - 
 16:03:32       0     21      0      0      0      0      0   3307  16355      - 
 16:03:33       0     18      0      0      0      0      0   3307  16355      - 
 16:03:34       0     20      1      0      0      0      0   3307  16355      - 
 16:03:35       0     19      1      0      0      0      0   3307  16355      - 
 16:03:36       0     24      1      0      0      0      0   3307  16355      - 
 16:03:37       0     31      5      0      0      0      0   3307  16355      - 
 16:03:38       0     20      0      0      0      0      0   3307  16355      - 
 16:03:39       0     18      0      0      0      0      0   3307  16355      - 
 16:03:40       0     26      1      0      0      0      0   3327  16355      - 
 16:03:41       0     27      3      0      0      0      0   3327  16355      - 
#Time         gpu     sm    mem    enc    dec    jpg    ofa     fb   bar1   ccpm 
#HH:MM:SS     Idx      %      %      %      %      %      %     MB     MB     MB 
 16:03:42       0     20      0      0      0      0      0   3315  16355      - 
 16:03:43       0     27      4      0      0      0      0   3315  16355      - 
 16:03:44       0     17      0      0      0      0      0   3315  16355      - 
 16:03:45       0     37     12      0      0      0      0   3310  16355      - 
 16:03:46       0     26      1      0      0      0      0   3305  16355      - 
 16:03:47       0     23      0      0      0      0      0   3328  16355      - 
 16:03:48       0     26      3      0      0      0      0   3333  16355      - 
 16:03:49       0     58     35      0      0      0      0   3333  16355      - 
 16:03:50       0     17      0      0      0      0      0   3334  16355      - 
 16:03:51       0     23      1      0      0      0      0   3358  16355      - 
 16:03:52       0     37      4      0      0      0      0   3357  16355      - 
 16:03:53       0     25      0      0      0      0      0   3362  16355      - 
 16:03:54       0     22      0      0      0      0      0   3379  16355      - 
 16:03:55       0     25      0      0      0      0      0   3377  16355      - 
 16:03:56       0     23      0      0      0      0      0   3361  16355      - 
 16:03:57       0     21      4      0      0      0      0   3337  16355      - 
 16:03:58       0     15      2      0      0      0      0   3331  16355      - 
 16:03:59       0     18      2      0      0      0      0   3331  16355      - 
 16:04:00       0     29      5      0      0      0      0   3331  16355      - 
 16:04:01       0     38      5      0      0      0      0   3358  16355      - 
 16:04:02       0     39      7      0      0      0      0   3362  16355      - 
 16:04:03       0     49      5      0      0      0      0   3362  16355      - 
 16:04:04       0     29      3      0      0      0      0   3356  16355      - 
 16:04:05       0     23      3      0      0      0      0   3356  16355      - 
 16:04:06       0     35      6      0      0      0      0   3343  16355      - 
 16:04:07       0     54     12      0      0      0      0   3340  16355      - 
 16:04:08       0     15      0      0      0      0      0   3338  16355      - 
 16:04:09       0     11      0      0      0      0      0   3334  16355      - 
 16:04:10       0     14      0      0      0      0      0   3330  16355      - 
 16:04:11       0     30      4      0      0      0      0   3331  16355      - 
 16:04:12       0     49     30      0      0      0      0   3331  16355      - 
 16:04:13       0     21      4      0      0      0      0   3331  16355      - 
 16:04:15       0     33      8      0      0      0      0   3331  16355      - 
 16:04:16       0     45      9      0      0      0      0   3331  16355      - 
 16:04:17       0     27      9      0      0      0      0   3331  16355      - 
 16:04:18       0      9     18      0      0      0      0   3332  16355      - 
 16:04:19       0     35      4      0      0      0      0   3332  16355      - 
 16:04:20       0     31      4      0      0      0      0   3332  16355      - 
 16:04:21       0     45      4      0      0      0      0   3332  16355      - 
 16:04:22       0     35      4      0      0      0      0   3332  16355      - 
 16:04:23       0     15      5      0      0      0      0   3332  16355      - 
 16:04:24       0     10      0      0      0      0      0   3332  16355      - 
 16:04:25       0      8      0      0      0      0      0   3332  16355      - 
 16:04:26       0     25      4      0      0      0      0   3332  16355      - 
#Time         gpu     sm    mem    enc    dec    jpg    ofa     fb   bar1   ccpm 
#HH:MM:SS     Idx      %      %      %      %      %      %     MB     MB     MB 
 16:04:27       0     23      6      0      0      0      0   3332  16355      - 
 16:04:28       0     29      7      0      0      0      0   3332  16355      - 
 16:04:29       0     50      3      0      0      0      0   3332  16355      - 
 16:04:30       0     32      4      0      0      0      0   3332  16355      - 
 16:04:31       0     38      4      0      0      0      0   3332  16355      - 
 16:04:32       0     29      4      0      0      0      0   3332  16355      - 
 16:04:33       0     18      8      0      0      0      0   3332  16355      - 
 16:04:34       0     14      0      0      0      0      0   3331  16355      - 
 16:04:35       0     13      0      0      0      0      0   3331  16355      - 
 16:04:36       0     23      3      0      0      0      0   3331  16355      - 
 16:04:37       0     14      3      0      0      0      0   3331  16355      - 
 16:04:38       0     33      6      0      0      0      0   3331  16355      - 
 16:04:39       0     18      3      0      0      0      0   3332  16355      - 
 16:04:40       0     19      4      0      0      0      0   3332  16355      - 
 16:04:41       0     11      0      0      0      0      0   3332  16355      - 
 16:04:42       0      5      0      0      0      0      0   3332  16355      - 
 16:04:43       0     12      0      0      0      0      0   3332  16355      - 
 16:04:45       0     13      3      0      0      0      0   3332  16355      - 
 16:04:46       0     27      6      0      0      0      0   3332  16355      - 
 16:04:47       0     13      4      0      0      0      0   3332  16355      - 
 16:04:48       0     30      6      0      0      0      0   3332  16355      - 
 16:04:49       0     26      5      0      0      0      0   3332  16355      - 
 16:04:50       0     51      8      0      0      0      0   3332  16355      - 
 16:04:51       0     27      6      0      0      0      0   3332  16355      - 
 16:04:52       0     98     51      0      0      0      0   3332  16355      - 
 16:04:53       0     12      0      0      0      0      0   3332  16355      - 
 16:04:54       0     10      1      0      0      0      0   3332  16355      - 
 16:04:55       0     12      1      0      0      0      0   3332  16355      - 
 16:04:56       0     16      1      0      0      0      0   3332  16355      - 
 16:04:57       0     29      4      0      0      0      0   3333  16355      - 
 16:04:58       0     29      3      0      0      0      0   3333  16355      - 
 16:04:59       0     13      0      0      0      0      0   3333  16355      - 
 16:05:00       0     34     13      0      0      0      0   3333  16355      - 
 16:05:01       0     11      1      0      0      0      0   3333  16355      - 
 16:05:02       0     14      1      0      0      0      0   3333  16355      - 
 16:05:03       0     25      3      0      0      0      0   3333  16355      - 
 16:05:04       0     26      3      0      0      0      0   3333  16355      - 
 16:05:05       0     24      3      0      0      0      0   3333  16355      - 
 16:05:06       0     19      3      0      0      0      0   3333  16355      - 
 16:05:07       0     10      1      0      0      0      0   3333  16355      - 
 16:05:08       0     11      0      0      0      0      0   3333  16355      - 
 16:05:09       0     11      0      0      0      0      0   3333  16355      - 
 16:05:10       0     16      0      0      0      0      0   3333  16355      - 
 16:05:11       0     15      2      0      0      0      0   3333  16355      - 
#Time         gpu     sm    mem    enc    dec    jpg    ofa     fb   bar1   ccpm 
#HH:MM:SS     Idx      %      %      %      %      %      %     MB     MB     MB 
 16:05:12       0     14      2      0      0      0      0   3333  16355      - 
 16:05:13       0     25      4      0      0      0      0   3333  16355      - 
 16:05:14       0     26      4      0      0      0      0   3333  16355      - 
 16:05:15       0     37      6      0      0      0      0   3333  16355      - 
 16:05:16       0     41      6      0      0      0      0   3333  16355      - 
 16:05:17       0     12      1      0      0      0      0   3333  16355      - 
 16:05:19       0     12      0      0      0      0      0   3333  16355      - 
 16:05:20       0     11      0      0      0      0      0   3333  16355      - 
 16:05:21       0     15      1      0      0      0      0   3333  16355      - 
 16:05:22       0     20      3      0      0      0      0   3333  16355      - 
 16:05:23       0     22      3      0      0      0      0   3333  16355      - 
 16:05:24       0     12      6      0      0      0      0   3333  16355      - 
 16:05:25       0     33      7      0      0      0      0   3333  16355      - 
 16:05:26       0     12      1      0      0      0      0   3333  16355      - 
 16:05:27       0     14      0      0      0      0      0   3333  16355      - 
 16:05:28       0     11      0      0      0      0      0   3333  16355      - 
 16:05:29       0     19      2      0      0      0      0   3334  16355      - 
 16:05:30       0     21      2      0      0      0      0   3330  16355      - 
 16:05:31       0     55      4      0      0      0      0   3330  16355      - 
 16:05:32       0     85     60      0      0      0      0   3330  16355      - 
 16:05:33       0     13      3      0      0      0      0   3330  16355      - 
 16:05:34       0     18      4      0      0      0      0   3330  16355      - 
 16:05:35       0     26      7      0      0      0      0   3330  16355      - 
 16:05:36       0     32      7      0      0      0      0   3330  16355      - 
 16:05:37       0     23      6      0      0      0      0   3330  16355      - 
 16:05:38       0     38      8      0      0      0      0   3330  16355      - 
 16:05:39       0     31      7      0      0      0      0   3330  16355      - 
 16:05:40       0     31      6      0      0      0      0   3330  16355      - 
 16:05:41       0     17      5      0      0      0      0   3330  16355      - 
 16:05:42       0     48      7      0      0      0      0   3330  16355      - 
 16:05:43       0     34      6      0      0      0      0   3330  16355      - 
 16:05:44       0     25      6      0      0      0      0   3330  16355      - 
 16:05:45       0     27      8      0      0      0      0   3330  16355      - 
 16:05:46       0     11      0      0      0      0      0   3329  16355      - 
 16:05:47       0     12      0      0      0      0      0   3330  16355      - 
 16:05:48       0     19      2      0      0      0      0   3330  16355      - 
 16:05:49       0     14      2      0      0      0      0   3330  16355      - 
 16:05:50       0     14      0      0      0      0      0   3316  16355      - 
 16:05:51       0     12      0      0      0      0      0   3316  16355      - 
 16:05:52       0     13      0      0      0      0      0   3316  16355      - 
 16:05:53       0     14      0      0      0      0      0   3316  16355      - 
 16:05:54       0     16      3      0      0      0      0   3322  16355      - 
 16:05:55       0     17      2      0      0      0      0   3322  16355      - 
 16:05:56       0     73     68      0      0      0      0   3322  16355      - 
#Time         gpu     sm    mem    enc    dec    jpg    ofa     fb   bar1   ccpm 
#HH:MM:SS     Idx      %      %      %      %      %      %     MB     MB     MB 
 16:05:57       0     14      0      0      0      0      0   3318  16355      - 
 16:05:58       0     12      0      0      0      0      0   3312  16355      - 
 16:05:59       0     15      1      0      0      0      0   3314  16355      - 
 16:06:00       0     16      2      0      0      0      0   3314  16355      - 
 16:06:01       0     14      1      0      0      0      0   3314  16355      - 
 16:06:02       0     13      0      0      0      0      0   3314  16355      - 
 16:06:03       0     12      0      0      0      0      0   3314  16355      - 
 16:06:04       0     15      0      0      0      0      0   3314  16355      - 
 16:06:05       0     81     73      0      0      0      0   3314  16355      - 
 16:06:06       0     20      2      0      0      0      0   3314  16355      - 
 16:06:07       0     88     83      0      0      0      0   3314  16355      - 
 16:06:08       0     11      0      0      0      0      0   3314  16355      - 
 16:06:09       0     14      0      0      0      0      0   3314  16355      - 
 16:06:10       0     14      2      0      0      0      0   3314  16355      - 
 16:06:11       0     12      0      0      0      0      0   3314  16355      - 
 16:06:12       0     12      0      0      0      0      0   3314  16355      - 
 16:06:13       0     14      0      0      0      0      0   3314  16355      - 
 16:06:14       0     39     29      0      0      0      0   3319  16355      - 
 16:06:15       0     15      0      0      0      0      0   3319  16355      - 
 16:06:16       0     13      0      0      0      0      0   3319  16355      - 
 16:06:17       0     15      2      0      0      0      0   3319  16355      - 
 16:06:18       0     13      0      0      0      0      0   3319  16355      - 
 16:06:19       0     12      0      0      0      0      0   3319  16355      - 
 16:06:20       0     17      0      0      0      0      0   3322  16355      - 
 16:06:21       0     71     60      0      0      0      0   3323  16355      - 
 16:06:22       0     18      2      0      0      0      0   3323  16355      - 
 16:06:23       0     83     77      0      0      0      0   3320  16355      - 
 16:06:24       0     11      0      0      0      0      0   3320  16355      - 
 16:06:25       0     14      0      0      0      0      0   3321  16355      - 
 16:06:26       0     14      0      0      0      0      0   3321  16355      - 
 16:06:27       0     17      1      0      0      0      0   3321  16355      - 
 16:06:28       0     15      1      0      0      0      0   3320  16355      - 
 16:06:29       0     14      0      0      0      0      0   3320  16355      - 
 16:06:30       0     12      0      0      0      0      0   3320  16355      - 
 16:06:31       0     13      0      0      0      0      0   3320  16355      - 
 16:06:32       0     16      0      0      0      0      0   3320  16355      - 
 16:06:33       0     18      2      0      0      0      0   3320  16355      - 
 16:06:34       0     14      0      0      0      0      0   3320  16355      - 
 16:06:35       0     13      0      0      0      0      0   3322  16355      - 
 16:06:36       0     13      0      0      0      0      0   3322  16355      - 
 16:06:37       0     13      0      0      0      0      0   3322  16355      - 
 16:06:38       0     12      0      0      0      0      0   3322  16355      - 
 16:06:39       0     17      0      0      0      0      0   3322  16355      - 
 16:06:40       0     16      0      0      0      0      0   3322  16355      - 
#Time         gpu     sm    mem    enc    dec    jpg    ofa     fb   bar1   ccpm 
#HH:MM:SS     Idx      %      %      %      %      %      %     MB     MB     MB 
 16:06:41       0     14      0      0      0      0      0   3322  16355      - 
 16:06:42       0     13      0      0      0      0      0   3322  16355      - 
 16:06:43       0     13      0      0      0      0      0   3322  16355      - 
 16:06:44       0     17      0      0      0      0      0   3322  16355      - 
 16:06:45       0     18      2      0      0      0      0   3322  16355      - 
 16:06:46       0     15      1      0      0      0      0   3322  16355      - 
 16:06:47       0     17      1      0      0      0      0   3322  16355      - 
 16:06:48       0     15      1      0      0      0      0   3321  16355      - 
 16:06:49       0     14      0      0      0      0      0   3321  16355      - 
 16:06:51       0     12      0      0      0      0      0   3321  16355      - 
 16:06:52       0     13      0      0      0      0      0   3318  16355      - 
 16:06:53       0     17      1      0      0      0      0   3318  16355      - 
 16:06:54       0     17      1      0      0      0      0   3318  16355      - 
 16:06:55       0     11      0      0      0      0      0   3318  16355      - 
 16:06:56       0     12      0      0      0      0      0   3318  16355      - 
 16:06:57       0     15      1      0      0      0      0   3318  16355      - 
 16:06:58       0     16      1      0      0      0      0   3322  16355      - 
 16:06:59       0     15      1      0      0      0      0   3322  16355      - 
 16:07:00       0     14      0      0      0      0      0   3324  16355      - 
 16:07:01       0     13      0      0      0      0      0   3324  16355      - 
 16:07:02       0     13      0      0      0      0      0   3324  16355      - 
 16:07:03       0     17      2      0      0      0      0   3324  16355      - 
 16:07:04       0     14      1      0      0      0      0   3324  16355      - 
 16:07:05       0     13      0      0      0      0      0   3324  16355      - 
 16:07:06       0     12      0      0      0      0      0   3324  16355      - 
 16:07:07       0     16      0      0      0      0      0   3324  16355      - 
 16:07:08       0     15      0      0      0      0      0   3325  16355      - 
 16:07:09       0     16      2      0      0      0      0   3325  16355      - 
 16:07:10       0     13      0      0      0      0      0   3325  16355      - 
 16:07:11       0     12      0      0      0      0      0   3325  16355      - 
 16:07:12       0     13      0      0      0      0      0   3328  16355      - 
 16:07:13       0     51     40      0      0      0      0   3328  16355      - 
 16:07:14       0     16      1      0      0      0      0   3328  16355      - 
 16:07:15       0     75     68      0      0      0      0   3325  16355      - 
 16:07:16       0     12      0      0      0      0      0   3325  16355      - 
 16:07:17       0     14      0      0      0      0      0   3325  16355      - 
 16:07:18       0     12      0      0      0      0      0   3325  16355      - 
 16:07:19       0     18      2      0      0      0      0   3322  16355      - 
 16:07:20       0     15      2      0      0      0      0   3322  16355      - 
 16:07:21       0     12      0      0      0      0      0   3320  16355      - 
 16:07:22       0     32     13      0      0      0      0   3317  16355      - 
 16:07:23       0     12      0      0      0      0      0   3317  16355      - 
 16:07:24       0     14      0      0      0      0      0   3317  16355      - 
 16:07:25       0     14      2      0      0      0      0   3317  16355      - 
#Time         gpu     sm    mem    enc    dec    jpg    ofa     fb   bar1   ccpm 
#HH:MM:SS     Idx      %      %      %      %      %      %     MB     MB     MB 
 16:07:26       0     17      2      0      0      0      0   3317  16355      - 
 16:07:27       0     14      2      0      0      0      0   3317  16355      - 
 16:07:28       0     17      2      0      0      0      0   3316  16355      - 
 16:07:29       0     14      1      0      0      0      0   3316  16355      - 
 16:07:30       0     14      0      0      0      0      0   3316  16355      - 
 16:07:31       0     11      0      0      0      0      0   3320  16355      - 
 16:07:32       0     17      0      0      0      0      0   3320  16355      - 
 16:07:33       0     74     65      0      0      0      0   3320  16355      - 
 16:07:34       0     15      2      0      0      0      0   3320  16355      - 
 16:07:35       0     12      0      0      0      0      0   3320  16355      - 
 16:07:36       0     11      0      0      0      0      0   3320  16355      - 
 16:07:37       0     14      0      0      0      0      0   3320  16355      - 
 16:07:38       0     13      0      0      0      0      0   3320  16355      - 
 16:07:39       0     12      0      0      0      0      0   3320  16355      - 
 16:07:40       0     34     13      0      0      0      0   3320  16355      - 
 16:07:41       0     13      0      0      0      0      0   3320  16355      - 
 16:07:42       0     18      0      0      0      0      0   3320  16355      - 
 16:07:43       0     87     78      0      0      0      0   3320  16355      - 
 16:07:44       0     11      0      0      0      0      0   3323  16355      - 
 16:07:45       0     14      0      0      0      0      0   3323  16355      - 
 16:07:46       0     15      2      0      0      0      0   3323  16355      - 
 16:07:47       0     19      2      0      0      0      0   3323  16355      - 
 16:07:48       0     15      2      0      0      0      0   3323  16355      - 
 16:07:49       0     12      0      0      0      0      0   3323  16355      - 
 16:07:50       0     14      0      0      0      0      0   3324  16355      - 
 16:07:51       0     14      1      0      0      0      0   3325  16355      - 
 16:07:52       0     17      2      0      0      0      0   3325  16355      - 
 16:07:53       0     15      2      0      0      0      0   3325  16355      - 
 16:07:54       0     14      0      0      0      0      0   3325  16355      - 
 16:07:55       0     11      0      0      0      0      0   3328  16355      - 
 16:07:56       0     16      0      0      0      0      0   3328  16355      - 
 16:07:57       0     82     74      0      0      0      0   3325  16355      - 
 16:07:58       0     15      2      0      0      0      0   3325  16355      - 
 16:07:59       0     17      2      0      0      0      0   3325  16355      - 
 16:08:00       0     11      0      0      0      0      0   3325  16355      - 
 16:08:01       0     15      0      0      0      0      0   3325  16355      - 
 16:08:02       0     13      0      0      0      0      0   3325  16355      - 
 16:08:03       0     15      2      0      0      0      0   3325  16355      - 
 16:08:04       0     22      3      0      0      0      0   3327  16355      - 
 16:08:05       0     16      1      0      0      0      0   3327  16355      - 
 16:08:06       0     13      0      0      0      0      0   3327  16355      - 
 16:08:07       0     12      0      0      0      0      0   3327  16355      - 
 16:08:08       0     14      0      0      0      0      0   3327  16355      - 
 16:08:09       0     81     73      0      0      0      0   3327  16355      - 
#Time         gpu     sm    mem    enc    dec    jpg    ofa     fb   bar1   ccpm 
#HH:MM:SS     Idx      %      %      %      %      %      %     MB     MB     MB 
 16:08:10       0     17      1      0      0      0      0   3327  16355      - 
 16:08:11       0     39     22      0      0      0      0   3327  16355      - 
 16:08:12       0     11      0      0      0      0      0   3327  16355      - 
 16:08:13       0     15      0      0      0      0      0   3327  16355      - 
 16:08:14       0     13      0      0      0      0      0   3327  16355      - 
 16:08:15       0     21      1      0      0      0      0   3327  16355      - 
 16:08:16       0     19      2      0      0      0      0   3327  16355      - 
 16:08:17       0     27      2      0      0      0      0   3326  16355      - 
 16:08:18       0     66     53      0      0      0      0   3326  16355      - 
 16:08:19       0     20      2      0      0      0      0   3326  16355      - 
 16:08:20       0     20      2      0      0      0      0   3326  16355      - 
 16:08:21       0     21      2      0      0      0      0   3326  16355      - 
 16:08:22       0     21      3      0      0      0      0   3326  16355      - 
 16:08:23       0     57     45      0      0      0      0   3326  16355      - 
 16:08:24       0     24      5      0      0      0      0   3326  16355      - 
 16:08:25       0     19      2      0      0      0      0   3326  16355      - 
 16:08:26       0     20      2      0      0      0      0   3326  16355      - 
 16:08:27       0     22      4      0      0      0      0   3326  16355      - 
 16:08:28       0     15      1      0      0      0      0   3325  16355      - 
 16:08:29       0     12      0      0      0      0      0   3325  16355      - 
 16:08:30       0     12      0      0      0      0      0   3325  16355      - 
 16:08:31       0     17      0      0      0      0      0   3325  16355      - 
 16:08:33       0     15      0      0      0      0      0   3325  16355      - 
 16:08:34       0     17      2      0      0      0      0   3325  16355      - 
 16:08:35       0     17      2      0      0      0      0   3325  16355      - 
 16:08:36       0     94     90      0      0      0      0   3325  16355      - 
 16:08:37       0     12      0      0      0      0      0   3325  16355      - 
 16:08:38       0     14      0      0      0      0      0   3325  16355      - 
 16:08:39       0     14      0      0      0      0      0   3325  16355      - 
 16:08:40       0     19      2      0      0      0      0   3325  16355      - 
 16:08:41       0     79     67      0      0      0      0   3325  16355      - 
 16:08:42       0     17      2      0      0      0      0   3325  16355      - 
 16:08:43       0     12      0      0      0      0      0   3328  16355      - 
 16:08:44       0     11      0      0      0      0      0   3328  16355      - 
 16:08:45       0     16      0      0      0      0      0   3325  16355      - 
 16:08:46       0     16      2      0      0      0      0   3325  16355      - 
 16:08:47       0     17      2      0      0      0      0   3325  16355      - 
 16:08:48       0     16      1      0      0      0      0   3325  16355      - 
 16:08:49       0     11      0      0      0      0      0   3325  16355      - 
 16:08:50       0     13      0      0      0      0      0   3325  16355      - 
 16:08:51       0     15      2      0      0      0      0   3325  16355      - 
 16:08:52       0     19      2      0      0      0      0   3325  16355      - 
 16:08:53       0     15      2      0      0      0      0   3325  16355      - 
 16:08:54       0     12      0      0      0      0      0   3325  16355      - 
#Time         gpu     sm    mem    enc    dec    jpg    ofa     fb   bar1   ccpm 
#HH:MM:SS     Idx      %      %      %      %      %      %     MB     MB     MB 
 16:08:55       0     13      0      0      0      0      0   3325  16355      - 
 16:08:56       0     12      0      0      0      0      0   3325  16355      - 
 16:08:57       0     17      0      0      0      0      0   3325  16355      - 
 16:08:58       0     16      2      0      0      0      0   3325  16355      - 
 16:08:59       0     18      2      0      0      0      0   3325  16355      - 
 16:09:00       0     62     55      0      0      0      0   3325  16355      - 
 16:09:01       0     22      3      0      0      0      0   3325  16355      - 
 16:09:02       0     48     36      0      0      0      0   3325  16355      - 
 16:09:03       0     11      0      0      0      0      0   3325  16355      - 
 16:09:04       0     15      0      0      0      0      0   3325  16355      - 
 16:09:05       0     15      1      0      0      0      0   3325  16355      - 
 16:09:06       0     16      2      0      0      0      0   3325  16355      - 
 16:09:07       0     34     23      0      0      0      0   3323  16355      - 
 16:09:08       0     13      0      0      0      0      0   3323  16355      - 
 16:09:09       0     12      0      0      0      0      0   3323  16355      - 
 16:09:10       0     13      0      0      0      0      0   3323  16355      - 
 16:09:11       0     15      0      0      0      0      0   3323  16355      - 
 16:09:12       0     16      2      0      0      0      0   3323  16355      - 
 16:09:13       0     16      0      0      0      0      0   3323  16355      - 
 16:09:14       0     13      0      0      0      0      0   3323  16355      - 
 16:09:15       0     15      2      0      0      0      0   3324  16355      - 
 16:09:16       0     19      2      0      0      0      0   3324  16355      - 
 16:09:17       0     15      1      0      0      0      0   3324  16355      - 
 16:09:18       0     12      0      0      0      0      0   3324  16355      - 
 16:09:19       0     26     10      0      0      0      0   3324  16355      - 
 16:09:20       0     12      0      0      0      0      0   3324  16355      - 
 16:09:21       0     18      2      0      0      0      0   3324  16355      - 
 16:09:22       0     15      2      0      0      0      0   3325  16355      - 
 16:09:23       0     13      0      0      0      0      0   3325  16355      - 
 16:09:24       0     10      0      0      0      0      0   3329  16355      - 
 16:09:25       0     19      0      0      0      0      0   3330  16355      - 
 16:09:26       0     21      0      0      0      0      0   3326  16355      - 
 16:09:27       0     15      0      0      0      0      0   3326  16355      - 
 16:09:28       0     17      0      0      0      0      0   3326  16355      - 
 16:09:29       0     14      0      0      0      0      0   3325  16355      - 
 16:09:30       0     13      0      0      0      0      0   3325  16355      - 
 16:09:31       0     13      0      0      0      0      0   3322  16355      - 
 16:09:32       0     16      0      0      0      0      0   3322  16355      - 
 16:09:33       0     14      0      0      0      0      0   3322  16355      - 
 16:09:34       0     11      0      0      0      0      0   3322  16355      - 
 16:09:35       0     14      0      0      0      0      0   3322  16355      - 
 16:09:36       0     18      0      0      0      0      0   3322  16355      - 
 16:09:37       0     18      0      0      0      0      0   3322  16355      - 
 16:09:38       0     76     61      0      0      0      0   3322  16355      - 
#Time         gpu     sm    mem    enc    dec    jpg    ofa     fb   bar1   ccpm 
#HH:MM:SS     Idx      %      %      %      %      %      %     MB     MB     MB 
 16:09:39       0     11      0      0      0      0      0   3322  16355      - 
 16:09:40       0     14      0      0      0      0      0   3322  16355      - 
 16:09:41       0     20      2      0      0      0      0   3324  16355      - 
 16:09:42       0     21      1      0      0      0      0   3324  16355      - 
 16:09:43       0     14      2      0      0      0      0   3323  16355      - 
 16:09:44       0     13      0      0      0      0      0   3323  16355      - 
 16:09:45       0     13      0      0      0      0      0   3323  16355      - 
 16:09:46       0     20      2      0      0      0      0   3323  16355      - 
 16:09:47       0     89     80      0      0      0      0   3323  16355      - 
 16:09:48       0     14      0      0      0      0      0   3323  16355      - 
 16:09:49       0     14      0      0      0      0      0   3318  16355      - 
 16:09:50       0     13      0      0      0      0      0   3318  16355      - 
 16:09:51       0     15      0      0      0      0      0   3318  16355      - 
 16:09:52       0     11      0      0      0      0      0   3318  16355      - 
 16:09:53       0     14      0      0      0      0      0   3317  16355      - 
 16:09:54       0     35     23      0      0      0      0   3317  16355      - 
 16:09:55       0     19      2      0      0      0      0   3317  16355      - 
 16:09:56       0     20      3      0      0      0      0   3317  16355      - 
 16:09:57       0     12      0      0      0      0      0   3317  16355      - 
 16:09:58       0     14      0      0      0      0      0   3317  16355      - 
 16:09:59       0     16      1      0      0      0      0   3320  16355      - 
 16:10:00       0     17      1      0      0      0      0   3320  16355      - 
 16:10:01       0     16      1      0      0      0      0   3325  16355      - 
 16:10:02       0     14      0      0      0      0      0   3325  16355      - 
 16:10:03       0     12      0      0      0      0      0   3324  16355      - 
 16:10:04       0     13      0      0      0      0      0   3324  16355      - 
 16:10:05       0     15      0      0      0      0      0   3324  16355      - 
 16:10:06       0     20      4      0      0      0      0   3324  16355      - 
 16:10:07       0     22      2      0      0      0      0   3324  16355      - 
 16:10:08       0     98     95      0      0      0      0   3324  16355      - 
 16:10:09       0     13      0      0      0      0      0   3325  16355      - 
 16:10:10       0     14      1      0      0      0      0   3325  16355      - 
 16:10:11       0     15      2      0      0      0      0   3325  16355      - 
 16:10:12       0     18      2      0      0      0      0   3325  16355      - 
 16:10:13       0     16      2      0      0      0      0   3325  16355      - 
 16:10:14       0     12      0      0      0      0      0   3325  16355      - 
 16:10:15       0     12      0      0      0      0      0   3325  16355      - 
 16:10:16       0     13      0      0      0      0      0   3325  16355      - 
 16:10:18       0     16      0      0      0      0      0   3325  16355      - 
 16:10:19       0     16      2      0      0      0      0   3325  16355      - 
 16:10:20       0     16      2      0      0      0      0   3325  16355      - 
 16:10:21       0     13      0      0      0      0      0   3325  16355      - 
 16:10:22       0     12      0      0      0      0      0   3325  16355      - 
 16:10:23       0     16      0      0      0      0      0   3325  16355      - 
#Time         gpu     sm    mem    enc    dec    jpg    ofa     fb   bar1   ccpm 
#HH:MM:SS     Idx      %      %      %      %      %      %     MB     MB     MB 
 16:10:24       0     56     42      0      0      0      0   3325  16355      - 
 16:10:25       0     15      2      0      0      0      0   3325  16355      - 
 16:10:26       0     12      0      0      0      0      0   3325  16355      - 
 16:10:27       0     10      0      0      0      0      0   3325  16355      - 
 16:10:28       0     14      0      0      0      0      0   3325  16355      - 
 16:10:29       0     44     21      0      0      0      0   3325  16355      - 
 16:10:30       0     14      2      0      0      0      0   3325  16355      - 
 16:10:31       0     18      2      0      0      0      0   3325  16355      - 
 16:10:32       0     16      2      0      0      0      0   3325  16355      - 
 16:10:33       0     18      2      0      0      0      0   3325  16355      - 
 16:10:34       0     15      2      0      0      0      0   3325  16355      - 
 16:10:35       0     12      0      0      0      0      0   3325  16355      - 
 16:10:36       0     19      4      0      0      0      0   3325  16355      - 
 16:10:37       0     13      0      0      0      0      0   3325  16355      - 
 16:10:38       0     13      0      0      0      0      0   3325  16355      - 
 16:10:39       0     12      0      0      0      0      0   3325  16355      - 
 16:10:40       0     14      0      0      0      0      0   3325  16355      - 
 16:10:41       0     49     23      0      0      0      0   3325  16355      - 
 16:10:42       0     16      2      0      0      0      0   3325  16355      - 
 16:10:43       0     13      0      0      0      0      0   3325  16355      - 
 16:10:44       0     12      0      0      0      0      0   3325  16355      - 
 16:10:45       0     14      0      0      0      0      0   3325  16355      - 
 16:10:46       0     47     37      0      0      0      0   3325  16355      - 
 16:10:47       0     18      2      0      0      0      0   3325  16355      - 
 16:10:48       0     61     51      0      0      0      0   3325  16355      - 
 16:10:49       0     11      0      0      0      0      0   3325  16355      - 
 16:10:50       0     15      0      0      0      0      0   3325  16355      - 
 16:10:51       0     13      0      0      0      0      0   3325  16355      - 
 16:10:52       0     20      2      0      0      0      0   3325  16355      - 
 16:10:53       0     69     56      0      0      0      0   3325  16355      - 
 16:10:54       0     11      0      0      0      0      0   3325  16355      - 
 16:10:55       0     16      0      0      0      0      0   3325  16355      - 
 16:10:56       0     16      2      0      0      0      0   3325  16355      - 
 16:10:57       0     17      2      0      0      0      0   3325  16355      - 
 16:10:58       0     25     13      0      0      0      0   3325  16355      - 
 16:10:59       0     14      0      0      0      0      0   3325  16355      - 
 16:11:00       0     12      0      0      0      0      0   3325  16355      - 
 16:11:01       0     14      0      0      0      0      0   3325  16355      - 
 16:11:02       0     19      2      0      0      0      0   3325  16355      - 
 16:11:03       0     16      2      0      0      0      0   3325  16355      - 
 16:11:04       0     12      0      0      0      0      0   3325  16355      - 
 16:11:05       0     24      8      0      0      0      0   3325  16355      - 
 16:11:06       0     13      0      0      0      0      0   3325  16355      - 
 16:11:07       0     18      0      0      0      0      0   3325  16355      - 
#Time         gpu     sm    mem    enc    dec    jpg    ofa     fb   bar1   ccpm 
#HH:MM:SS     Idx      %      %      %      %      %      %     MB     MB     MB 
 16:11:08       0     16      1      0      0      0      0   3325  16355      - 
 16:11:09       0     18      2      0      0      0      0   3325  16355      - 
 16:11:10       0     60     51      0      0      0      0   3325  16355      - 
 16:11:11       0     18      2      0      0      0      0   3325  16355      - 
 16:11:12       0     47     34      0      0      0      0   3325  16355      - 
 16:11:13       0     11      0      0      0      0      0   3325  16355      - 
 16:11:14       0     16      0      0      0      0      0   3325  16355      - 
 16:11:15       0     15      0      0      0      0      0   3325  16355      - 
 16:11:16       0     16      2      0      0      0      0   3325  16355      - 
 16:11:17       0     18      2      0      0      0      0   3325  16355      - 
 16:11:18       0     17      1      0      0      0      0   3325  16355      - 
 16:11:19       0     13      0      0      0      0      0   3325  16355      - 
 16:11:20       0     13      0      0      0      0      0   3325  16355      - 
 16:11:21       0     15      2      0      0      0      0   3325  16355      - 
 16:11:22       0     17      2      0      0      0      0   3325  16355      - 
 16:11:23       0     15      1      0      0      0      0   3325  16355      - 
 16:11:24       0     13      0      0      0      0      0   3325  16355      - 
 16:11:25       0     12      0      0      0      0      0   3325  16355      - 
 16:11:26       0     13      0      0      0      0      0   3325  16355      - 
 16:11:27       0     15      0      0      0      0      0   3325  16355      - 
 16:11:28       0     21      3      0      0      0      0   3325  16355      - 
 16:11:29       0     14      0      0      0      0      0   3325  16355      - 
 16:11:30       0     12      0      0      0      0      0   3325  16355      - 
 16:11:31       0     15      2      0      0      0      0   3325  16355      - 
 16:11:32       0     17      2      0      0      0      0   3325  16355      - 
 16:11:33       0     14      2      0      0      0      0   3325  16355      - 
 16:11:34       0     12      0      0      0      0      0   3325  16355      - 
 16:11:35       0     12      0      0      0      0      0   3325  16355      - 
 16:11:36       0     14      0      0      0      0      0   3325  16355      - 
 16:11:37       0     15      0      0      0      0      0   3325  16355      - 
 16:11:38       0     15      2      0      0      0      0   3325  16355      - 
 16:11:39       0     18      2      0      0      0      0   3325  16355      - 
 16:11:40       0     16      2      0      0      0      0   3325  16355      - 
 16:11:41       0     13      0      0      0      0      0   3325  16355      - 
 16:11:42       0     12      0      0      0      0      0   3325  16355      - 
 16:11:43       0     14      2      0      0      0      0   3325  16355      - 
 16:11:44       0     17      2      0      0      0      0   3325  16355      - 
 16:11:45       0     15      2      0      0      0      0   3325  16355      - 
 16:11:46       0     12      0      0      0      0      0   3325  16355      - 
 16:11:47       0     12      0      0      0      0      0   3325  16355      - 
 16:11:48       0     16      0      0      0      0      0   3325  16355      - 
 16:11:49       0     15      0      0      0      0      0   3325  16355      - 
 16:11:50       0     15      2      0      0      0      0   3325  16355      - 
 16:11:51       0     22      2      0      0      0      0   3325  16355      - 
#Time         gpu     sm    mem    enc    dec    jpg    ofa     fb   bar1   ccpm 
#HH:MM:SS     Idx      %      %      %      %      %      %     MB     MB     MB 
 16:11:52       0     21      2      0      0      0      0   3325  16355      - 
 16:11:53       0     21      2      0      0      0      0   3325  16355      - 
 16:11:54       0     22      2      0      0      0      0   3325  16355      - 
 16:11:55       0     63     52      0      0      0      0   3325  16355      - 
 16:11:56       0     19      2      0      0      0      0   3325  16355      - 
 16:11:57       0     19      2      0      0      0      0   3328  16355      - 
 16:11:58       0     18      2      0      0      0      0   3328  16355      - 
 16:11:59       0     17      2      0      0      0      0   3328  16355      - 
 16:12:00       0     20      2      0      0      0      0   3328  16355      - 
 16:12:01       0     41     25      0      0      0      0   3328  16355      - 
 16:12:02       0     34     19      0      0      0      0   3328  16355      - 
 16:12:03       0      0      2      0      0      0      0   3328  16355      - 
 16:12:04       0      0      2      0      0      0      0   3328  16355      - 
 16:12:05       0     32     10      0      0      0      0   3328  16355      - 
 16:12:06       0     25      6      0      0      0      0   3328  16355      - 
 16:12:07       0     20      2      0      0      0      0   3328  16355      - 
 16:12:08       0     21      2      0      0      0      0   3325  16355      - 
 16:12:09       0     40     24      0      0      0      0   3325  16355      - 
 16:12:10       0     23      5      0      0      0      0   3325  16355      - 
 16:12:11       0     20      2      0      0      0      0   3325  16355      - 
 16:12:12       0     22      2      0      0      0      0   3325  16355      - 
 16:12:13       0     54     43      0      0      0      0   3325  16355      - 
 16:12:15       0     19      2      0      0      0      0   3324  16355      - 
