#Time         gpu     sm    mem    enc    dec    jpg    ofa     fb   bar1   ccpm 
#HH:MM:SS     Idx      %      %      %      %      %      %     MB     MB     MB 
 15:44:06       0     43      4      0      0      0      0   1204  16355      - 
 15:44:07       0     43      3      0      0      0      0   1204  16355      - 
 15:44:09       0      6      0      0      0      0      0   1494  16355      - 
 15:44:10       0      7      0      0      0      0      0   1494  16355      - 
 15:44:11       0     23      1      0      0      0      0   2896  16355      - 
 15:44:12       0     33      4      0      0      0      0   4337  16355      - 
 15:44:13       0      6      0      0      0      0      0   4339  16355      - 
 15:44:14       0      6      0      0      0      0      0   4337  16355      - 
 15:44:15       0      7      0      0      0      0      0   4337  16355      - 
 15:44:16       0      8      0      0      0      0      0   4337  16355      - 
 15:44:17       0      9      0      0      0      0      0   4337  16355      - 
 15:44:18       0     22      2      0      0      0      0   4337  16355      - 
 15:44:19       0     44      3      0      0      0      0   4337  16355      - 
 15:44:20       0     46      3      0      0      0      0   4337  16355      - 
 15:44:21       0     46      4      0      0      0      0   4337  16355      - 
 15:44:22       0     46      4      0      0      0      0   4337  16355      - 
 15:44:23       0     46      4      0      0      0      0   4337  16355      - 
 15:44:24       0     46      3      0      0      0      0   4340  16355      - 
 15:44:25       0     43      4      0      0      0      0   4340  16355      - 
 15:44:26       0     43      3      0      0      0      0   4340  16355      - 
 15:44:27       0     44      4      0      0      0      0   4340  16355      - 
 15:44:28       0     44      3      0      0      0      0   4353  16355      - 
 15:44:29       0     43      5      0      0      0      0   4356  16355      - 
 15:44:30       0     43      3      0      0      0      0   4354  16355      - 
 15:44:31       0     99     47      0      0      0      0   6435  16355      - 
 15:44:32       0     75     61      0      0      0      0   6520  16355      - 
 15:44:33       0     74     64      0      0      0      0   6515  16355      - 
 15:44:34       0     73     58      0      0      0      0   6513  16355      - 
 15:44:35       0     74     60      0      0      0      0   6513  16355      - 
 15:44:36       0     75     61      0      0      0      0   6513  16355      - 
 15:44:37       0     74     60      0      0      0      0   6513  16355      - 
 15:44:38       0      6      0      0      0      0      0   6513  16355      - 
 15:44:39       0      7      0      0      0      0      0   6513  16355      - 
 15:44:40       0      9      0      0      0      0      0   6513  16355      - 
 15:44:41       0     10      0      0      0      0      0   6516  16355      - 
 15:44:42       0     13      1      0      0      0      0   6519  16355      - 
 15:44:43       0     14      0      0      0      0      0   6519  16355      - 
 15:44:44       0     58     34      0      0      0      0   6521  16355      - 
 15:44:45       0     74     62      0      0      0      0   6521  16355      - 
 15:44:46       0     74     62      0      0      0      0   6523  16355      - 
 15:44:47       0     74     60      0      0      0      0   6522  16355      - 
 15:44:48       0     75     61      0      0      0      0   6529  16355      - 
 15:44:49       0     77     62      0      0      0      0   6527  16355      - 
 15:44:50       0     77     62      0      0      0      0   6527  16355      - 
#Time         gpu     sm    mem    enc    dec    jpg    ofa     fb   bar1   ccpm 
#HH:MM:SS     Idx      %      %      %      %      %      %     MB     MB     MB 
 15:44:51       0     61     41      0      0      0      0   6512  16355      - 
 15:44:52       0     60     40      0      0      0      0   6512  16355      - 
 15:44:53       0     64     43      0      0      0      0   6508  16355      - 
 15:44:54       0     61     40      0      0      0      0   6506  16355      - 
 15:44:55       0     66     45      0      0      0      0   6506  16355      - 
 15:44:56       0     61     41      0      0      0      0   6506  16355      - 
 15:44:57       0     58     37      0      0      0      0   6506  16355      - 
 15:44:58       0      6      0      0      0      0      0   6497  16355      - 
 15:44:59       0     78     60      0      0      0      0   6497  16355      - 
 15:45:00       0      6      0      0      0      0      0   6497  16355      - 
 15:45:01       0      6      0      0      0      0      0   6497  16355      - 
 15:45:02       0      8      0      0      0      0      0   6507  16355      - 
 15:45:03       0      9      0      0      0      0      0   6507  16355      - 
 15:45:04       0     11      0      0      0      0      0   6507  16355      - 
 15:45:05       0     12      0      0      0      0      0   6499  16355      - 
