#Time         gpu     sm    mem    enc    dec    jpg    ofa     fb   bar1   ccpm 
#HH:MM:SS     Idx      %      %      %      %      %      %     MB     MB     MB 
 15:45:11       0     46      4      0      0      0      0   1199  16355      - 
 15:45:12       0     46      4      0      0      0      0   1199  16355      - 
 15:45:13       0     23      1      0      0      0      0   1489  16355      - 
 15:45:14       0      7      0      0      0      0      0   1489  16355      - 
 15:45:15       0     44     18      0      0      0      0   3923  16355      - 
 15:45:16       0     22      1      0      0      0      0   6379  16355      - 
 15:45:17       0      7      0      0      0      0      0   6379  16355      - 
 15:45:18       0      7      0      0      0      0      0   6379  16355      - 
 15:45:19       0      7      0      0      0      0      0   6379  16355      - 
 15:45:20       0      9      0      0      0      0      0   6379  16355      - 
 15:45:21       0     11      0      0      0      0      0   6379  16355      - 
 15:45:22       0     22      2      0      0      0      0   6397  16355      - 
 15:45:23       0     23      2      0      0      0      0   6397  16355      - 
 15:45:24       0     43      4      0      0      0      0   6397  16355      - 
 15:45:25       0     43      4      0      0      0      0   6397  16355      - 
 15:45:26       0     43      4      0      0      0      0   6397  16355      - 
 15:45:27       0     42      4      0      0      0      0   6397  16355      - 
 15:45:28       0     42      4      0      0      0      0   6389  16355      - 
 15:45:29       0     43      4      0      0      0      0   6389  16355      - 
 15:45:30       0     43      4      0      0      0      0   6388  16355      - 
 15:45:31       0     41      4      0      0      0      0   6388  16355      - 
 15:45:32       0     42      4      0      0      0      0   6387  16355      - 
 15:45:33       0     43      4      0      0      0      0   6387  16355      - 
 15:45:34       0     42      4      0      0      0      0   6377  16355      - 
 15:45:35       0     20      1      0      0      0      0  10601  16355      - 
 15:45:36       0     77     69      0      0      0      0  10593  16355      - 
 15:45:37       0     75     67      0      0      0      0  10593  16355      - 
 15:45:38       0     76     69      0      0      0      0  10593  16355      - 
 15:45:39       0     74     68      0      0      0      0  10593  16355      - 
 15:45:40       0      9      0      0      0      0      0  10593  16355      - 
 15:45:41       0      6      0      0      0      0      0  10593  16355      - 
 15:45:42       0      8      0      0      0      0      0  10593  16355      - 
 15:45:43       0      9      0      0      0      0      0  10593  16355      - 
 15:45:44       0     10      0      0      0      0      0  10593  16355      - 
 15:45:45       0     10      0      0      0      0      0  10593  16355      - 
 15:45:46       0     13      0      0      0      0      0  10593  16355      - 
 15:45:47       0     76     57      0      0      0      0  10611  16355      - 
 15:45:48       0     81     64      0      0      0      0  10612  16355      - 
 15:45:49       0     84     68      0      0      0      0  10612  16355      - 
 15:45:50       0     75     56      0      0      0      0  10612  16355      - 
 15:45:51       0     74     51      0      0      0      0  10612  16355      - 
 15:45:52       0     80     59      0      0      0      0  10612  16355      - 
 15:45:53       0     81     61      0      0      0      0  10604  16355      - 
 15:45:54       0     93     79      0      0      0      0  10593  16355      - 
#Time         gpu     sm    mem    enc    dec    jpg    ofa     fb   bar1   ccpm 
#HH:MM:SS     Idx      %      %      %      %      %      %     MB     MB     MB 
 15:45:55       0     95     90      0      0      0      0  10593  16355      - 
 15:45:56       0     95     85      0      0      0      0  10593  16355      - 
 15:45:57       0     22      3      0      0      0      0  10593  16355      - 
 15:45:58       0      6      0      0      0      0      0  10593  16355      - 
 15:45:59       0     99     76      0      0      0      0  10593  16355      - 
 15:46:00       0      7      0      0      0      0      0  10593  16355      - 
 15:46:01       0      8      0      0      0      0      0  10611  16355      - 
 15:46:02       0      9      1      0      0      0      0  10611  16355      - 
 15:46:03       0     10      0      0      0      0      0  10611  16355      - 
 15:46:04       0     13      1      0      0      0      0  10612  16355      - 
 15:46:05       0     12      0      0      0      0      0  10612  16355      - 
 15:46:06       0     26      2      0      0      0      0  10612  16355      - 
