epoch,casimir_loss,crps_h0,crps_h1,crps_h2,crps_loss,dir_loss,dir_loss_h0,dir_loss_h1,dir_loss_h2,extended_h0,extended_h1,extended_h2,global_h0,global_h1,global_h2,grad_global_norm,hd_loss,ife_loss,inter_reg,local_h0,local_h1,local_h2,loss,lr_indicator_used,lr_used,nll_h0,nll_h1,nll_h2,nll_loss,nonfinite_grad_steps,pit_ks_h0,pit_ks_h1,pit_ks_h2,pnl_val,point_h0,point_h1,point_h2,point_loss,reg_loss,soft_ece_h0,soft_ece_h1,soft_ece_h2,soft_ece_loss,t_perp_loss,train_dir_acc_h0,train_dir_acc_h1,train_dir_acc_h2,train_dir_bal_acc_h0,train_dir_bal_acc_h1,train_dir_bal_acc_h2,train_dir_brier_h0,train_dir_brier_h1,train_dir_brier_h2,train_dir_ece_h0,train_dir_ece_h1,train_dir_ece_h2,train_dir_f1_h0,train_dir_f1_h1,train_dir_f1_h2,train_dir_mcc_h0,train_dir_mcc_h1,train_dir_mcc_h2,train_dir_sensitivity_h0,train_dir_sensitivity_h1,train_dir_sensitivity_h2,train_dir_specificity_h0,train_dir_specificity_h1,train_dir_specificity_h2,train_gauss_dir_acc_h0,train_gauss_dir_acc_h1,train_gauss_dir_acc_h2,train_gauss_dir_bal_acc_h0,train_gauss_dir_bal_acc_h1,train_gauss_dir_bal_acc_h2,train_gauss_dir_brier_h0,train_gauss_dir_brier_h1,train_gauss_dir_brier_h2,train_gauss_dir_ece_h0,train_gauss_dir_ece_h1,train_gauss_dir_ece_h2,train_gauss_dir_f1_h0,train_gauss_dir_f1_h1,train_gauss_dir_f1_h2,train_gauss_dir_mcc_h0,train_gauss_dir_mcc_h1,train_gauss_dir_mcc_h2,train_gauss_dir_sensitivity_h0,train_gauss_dir_sensitivity_h1,train_gauss_dir_sensitivity_h2,train_gauss_dir_specificity_h0,train_gauss_dir_specificity_h1,train_gauss_dir_specificity_h2,train_gauss_mean_dir_prob_h0,train_gauss_mean_dir_prob_h1,train_gauss_mean_dir_prob_h2,train_gauss_pred_up_rate_h0,train_gauss_pred_up_rate_h1,train_gauss_pred_up_rate_h2,train_gauss_true_up_rate_h0,train_gauss_true_up_rate_h1,train_gauss_true_up_rate_h2,train_mean_dir_prob_h0,train_mean_dir_prob_h1,train_mean_dir_prob_h2,train_pred_up_rate_h0,train_pred_up_rate_h1,train_pred_up_rate_h2,train_true_up_rate_h0,train_true_up_rate_h1,train_true_up_rate_h2,trend_h0,trend_h1,trend_h2,trend_loss,vac_loss,vac_overflow_loss,val_casimir_loss,val_crps_h0,val_crps_h1,val_crps_h2,val_crps_loss,val_dir_acc_h0,val_dir_acc_h1,val_dir_acc_h2,val_dir_bal_acc_h0,val_dir_bal_acc_h1,val_dir_bal_acc_h2,val_dir_brier_h0,val_dir_brier_h1,val_dir_brier_h2,val_dir_ece_h0,val_dir_ece_h1,val_dir_ece_h2,val_dir_f1_h0,val_dir_f1_h1,val_dir_f1_h2,val_dir_loss,val_dir_loss_h0,val_dir_loss_h1,val_dir_loss_h2,val_dir_mcc_h0,val_dir_mcc_h1,val_dir_mcc_h2,val_dir_sensitivity_h0,val_dir_sensitivity_h1,val_dir_sensitivity_h2,val_dir_specificity_h0,val_dir_specificity_h1,val_dir_specificity_h2,val_extended_h0,val_extended_h1,val_extended_h2,val_gauss_dir_acc_h0,val_gauss_dir_acc_h1,val_gauss_dir_acc_h2,val_gauss_dir_bal_acc_h0,val_gauss_dir_bal_acc_h1,val_gauss_dir_bal_acc_h2,val_gauss_dir_brier_h0,val_gauss_dir_brier_h1,val_gauss_dir_brier_h2,val_gauss_dir_ece_h0,val_gauss_dir_ece_h1,val_gauss_dir_ece_h2,val_gauss_dir_f1_h0,val_gauss_dir_f1_h1,val_gauss_dir_f1_h2,val_gauss_dir_mcc_h0,val_gauss_dir_mcc_h1,val_gauss_dir_mcc_h2,val_gauss_dir_sensitivity_h0,val_gauss_dir_sensitivity_h1,val_gauss_dir_sensitivity_h2,val_gauss_dir_specificity_h0,val_gauss_dir_specificity_h1,val_gauss_dir_specificity_h2,val_gauss_mean_dir_prob_h0,val_gauss_mean_dir_prob_h1,val_gauss_mean_dir_prob_h2,val_gauss_pred_up_rate_h0,val_gauss_pred_up_rate_h1,val_gauss_pred_up_rate_h2,val_gauss_true_up_rate_h0,val_gauss_true_up_rate_h1,val_gauss_true_up_rate_h2,val_global_h0,val_global_h1,val_global_h2,val_hd_loss,val_ife_loss,val_inter_reg,val_local_h0,val_local_h1,val_local_h2,val_loss,val_mean_dir_prob_h0,val_mean_dir_prob_h1,val_mean_dir_prob_h2,val_nll_h0,val_nll_h1,val_nll_h2,val_nll_loss,val_pit_ks_h0,val_pit_ks_h1,val_pit_ks_h2,val_pnl_val,val_point_h0,val_point_h1,val_point_h2,val_point_loss,val_pred_up_rate_h0,val_pred_up_rate_h1,val_pred_up_rate_h2,val_reg_loss,val_soft_ece_h0,val_soft_ece_h1,val_soft_ece_h2,val_soft_ece_loss,val_t_perp_loss,val_trend_h0,val_trend_h1,val_trend_h2,val_trend_loss,val_true_up_rate_h0,val_true_up_rate_h1,val_true_up_rate_h2,val_vac_loss,val_vac_overflow_loss,val_vol_loss,vol_loss
0,0.007357814349234104,1.5224385261535645,0.6600711941719055,0.8205061554908752,3.0030157566070557,3.4668350219726562,1.7730374336242676,0.8078733682632446,0.8859242796897888,0.1473318636417389,0.04505717381834984,0.06688392162322998,0.0,0.0,0.0,38.6163215637207,0.09369548410177231,0.0,0.0004053230513818562,0.0,0.0,0.0,6.482921600341797,0.004999999888241291,0.0010000000474974513,3.00480318069458,1.8023638725280762,1.951587200164795,6.758754253387451,0.0,0.6626757979393005,0.2073046863079071,0.24779295921325684,0.0,0.9059538245201111,0.8787069320678711,0.9065340161323547,2.691194772720337,0.0004053230513818562,0.5292485356330872,0.2280804067850113,0.3309948444366455,1.0883238315582275,0.18809175491333008,0.42085888981819153,0.5459641218185425,0.442748099565506,0.4791938364505768,0.4975535571575165,0.4996626377105713,0.4994102418422699,0.29143694043159485,0.328288197517395,0.5012682676315308,0.18101352453231812,0.26716527342796326,0.024793386459350586,0.6979866623878479,0.13827992975711823,-0.11857006698846817,-0.011112763546407223,-0.0012387806782498956,0.013086150400340557,0.9473684430122375,0.07877041399478912,0.9453015327453613,0.0477386936545372,0.9205548763275146,0.5625767111778259,0.46524664759635925,0.5648854970932007,0.5,0.4899853467941284,0.50045245885849,0.392666757106781,0.32797476649284363,0.30433952808380127,0.37629222869873047,0.23379740118980408,0.223077192902565,0.720062792301178,0.3501362204551697,0.7182203531265259,0.0,-0.022451288998126984,0.0029626244213432074,1.0,0.2601214647293091,0.9769452214241028,0.0,0.7198492288589478,0.023959646001458168,0.93809574842453,0.3647412955760956,0.7787051796913147,1.0,0.2690582871437073,0.9765539765357971,0.5625767111778259,0.5538116693496704,0.5676117539405823,0.09652753174304962,0.719353973865509,0.31067755818367004,0.03128834441304207,0.9495515823364258,0.07906215637922287,0.5625767111778259,0.5538116693496704,0.5676117539405823,0.1473318636417389,0.04505717381834984,0.06688392162322998,0.259272962808609,0.0,0.08104158192873001,1.0148334695259109e-05,0.4875009059906006,0.5860006213188171,0.7998019456863403,1.8733034133911133,0.4744147062301636,0.5178145170211792,0.5398672223091125,0.4816114902496338,0.5002267360687256,0.49968287348747253,0.3309200704097748,0.2926667630672455,0.2723175883293152,0.2505544424057007,0.20235870778560638,0.1256313920021057,0.25802645087242126,0.6818826198577881,0.6950309872627258,2.4629831314086914,0.9268754720687866,0.7904998660087585,0.7456077933311462,-0.04626576974987984,0.005191603675484657,-0.0017344186780974269,0.17853643000125885,0.9983100295066833,0.9653486609458923,0.7846865653991699,0.0021434458903968334,0.03401709347963333,0.02851111628115177,0.03689343109726906,0.06273787468671799,0.5127926468849182,0.49968189001083374,0.5393205881118774,0.5010334849357605,0.48762184381484985,0.5017597079277039,0.25907835364341736,0.2543827295303345,0.2576962411403656,0.09169089049100876,0.05513584613800049,0.07932693511247635,0.676726758480072,0.6317822337150574,0.6884275674819946,0.015001933090388775,-0.03383760154247284,0.007132740691304207,0.9962430596351624,0.8291596174240112,0.9370236992835999,0.005823912099003792,0.14608408510684967,0.06649572402238846,0.6035637855529785,0.5451306104660034,0.6146166324615479,0.9952341318130493,0.8411006927490234,0.9354158639907837,0.5118728876113892,0.5176554918289185,0.5431472063064575,0.0,0.0,0.0,0.09421063214540482,0.0,0.00039835573988966644,0.0,0.0,0.0,6.371688365936279,0.3441449999809265,0.7198324799537659,0.6598871946334839,1.3732036352157593,1.5059374570846558,1.901073932647705,4.780215263366699,0.24804794788360596,0.08452874422073364,0.11023950576782227,0.0,0.16187386214733124,0.7421655058860779,0.8726525902748108,1.7766917943954468,0.19648829102516174,0.9980912804603577,0.9656383991241455,0.00039835573988966644,0.3149430751800537,0.25430524349212646,0.1894441545009613,0.7586923837661743,0.289543479681015,0.02851111628115177,0.03689343109726906,0.06273787468671799,0.12814241647720337,0.5118728876113892,0.5176554918289185,0.5431472063064575,0.0,0.0,1.7231534719467163,0.756492555141449
1,0.00013097567716613412,0.44697341322898865,0.49736088514328003,0.688862681388855,1.6331969499588013,2.399662494659424,0.9591591358184814,0.7288414239883423,0.7116619348526001,0.022856634110212326,0.028375038877129555,0.0497797355055809,0.0,0.0,0.0,3.302835464477539,0.09401330351829529,0.0,0.0003969078534282744,0.0,0.0,0.0,5.487417697906494,0.004999999888241291,0.0010000000474974513,1.330700397491455,1.390711784362793,1.7123627662658691,4.433774948120117,0.0,0.2767285108566284,0.10865233838558197,0.07504880428314209,0.0,0.12827034294605255,0.5514819622039795,0.6995368003845215,1.379289150238037,0.0003969078534282744,0.33931398391723633,0.1543218493461609,0.0901489332318306,0.5837847590446472,0.11791309714317322,0.4644390046596527,0.5437058210372925,0.5247417092323303,0.49384790658950806,0.5022073984146118,0.4952252507209778,0.33684706687927246,0.2655285596847534,0.25709816813468933,0.2771657109260559,0.12309020012617111,0.0739770457148552,0.20482474565505981,0.7017932534217834,0.6298179030418396,-0.018038250505924225,0.01983747072517872,-0.010485034435987473,0.12769579887390137,0.9895724654197693,0.7114832401275635,0.8600000143051147,0.014842300675809383,0.2789672613143921,0.5361741185188293,0.5173974633216858,0.5541055202484131,0.5016640424728394,0.4916963577270508,0.5041221380233765,0.26190629601478577,0.25353190302848816,0.25574982166290283,0.08996312320232391,0.05495060980319977,0.08029798418283463,0.6844629645347595,0.6408421397209167,0.6892762184143066,0.006492062471807003,-0.020727848634123802,0.012016895227134228,0.9313280582427979,0.7935349345207214,0.8703349232673645,0.07199999690055847,0.18985776603221893,0.13790932297706604,0.6202214956283569,0.5490594506263733,0.6118981838226318,0.9297976493835449,0.801131546497345,0.866775393486023,0.5401594042778015,0.5425742864608765,0.5682436227798462,0.3151666522026062,0.6641185879707336,0.5644561648368835,0.13335376977920532,0.987553060054779,0.7156063318252563,0.5401594042778015,0.5425742864608765,0.5682436227798462,0.022856634110212326,0.028375038877129555,0.0497797355055809,0.10101141035556793,0.0,0.06604889035224915,9.627450481275446e-07,0.4802177846431732,0.5893511176109314,0.8000771999359131,1.8696460723876953,0.471237450838089,0.5212342739105225,0.5183131694793701,0.4766365885734558,0.5058073997497559,0.49001196026802063,0.3191772699356079,0.2523907721042633,0.2590990662574768,0.22775164246559143,0.04933565482497215,0.06690134853124619,0.3255119323730469,0.6708943843841553,0.6484668850898743,2.299394130706787,0.8889620900154114,0.6976671814918518,0.7127645611763,-0.05248400568962097,0.02390378899872303,-0.02631349302828312,0.2492649406194687,0.9426947236061096,0.8179726600646973,0.7040082216262817,0.06892003118991852,0.1620512753725052,0.024953626096248627,0.03780835494399071,0.059111058712005615,0.5118728876113892,0.5144743323326111,0.5415853261947632,0.5,0.4971466362476349,0.49892881512641907,0.26024866104125977,0.2553025484085083,0.2588927745819092,0.09807561337947845,0.06857943534851074,0.07652868330478668,0.6771374940872192,0.678091287612915,0.7018185257911682,0.0,-0.02957518771290779,-0.014078892767429352,1.0,0.9878629446029663,0.9932422637939453,0.0,0.006430338136851788,0.004615384619683027,0.6099485158920288,0.5826127529144287,0.6179829835891724,1.0,0.9906155467033386,0.994221031665802,0.5118728876113892,0.5176554918289185,0.5431472063064575,0.0,0.0,0.0,0.07410964369773865,0.0,0.0003916155837941915,0.0,0.0,0.0,6.115767955780029,0.3972642421722412,0.5664398670196533,0.573644757270813,1.3489856719970703,1.5118801593780518,1.9021168947219849,4.7629828453063965,0.24794912338256836,0.11888599395751953,0.10744220018386841,0.0,0.16073597967624664,0.7494182586669922,0.8775795698165894,1.7877336740493774,0.27207356691360474,0.9370924234390259,0.8270987868309021,0.0003916155837941915,0.2878960967063904,0.13182108104228973,0.14444014430046082,0.5641573071479797,0.2693769037723541,0.024953626096248627,0.03780835494399071,0.059111058712005615,0.12187304347753525,0.5118728876113892,0.5176554918289185,0.5431472063064575,0.0,0.0,1.8237590789794922,1.551953673362732
2,1.5732164683868177e-05,0.4114927649497986,0.49974969029426575,0.6873788833618164,1.5986213684082031,2.2520594596862793,0.8696104288101196,0.6975106596946716,0.6849385499954224,0.01709107495844364,0.027511725202202797,0.04830367863178253,0.0,0.0,0.0,2.2840383052825928,0.07464226335287094,0.0,0.0003892473177984357,0.0,0.0,0.0,5.275679111480713,0.004999999888241291,0.0010000000474974513,1.2757902145385742,1.3922278881072998,1.6930381059646606,4.361055850982666,0.0,0.25927919149398804,0.10218535363674164,0.07233405113220215,0.0,0.10417895764112473,0.5612591505050659,0.6995532512664795,1.364991307258606,0.0003892473177984357,0.2798544466495514,0.054469119757413864,0.0422002412378788,0.37652379274368286,0.15218402445316315,0.4962325096130371,0.5205843448638916,0.550561785697937,0.5264530181884766,0.48651212453842163,0.5205171704292297,0.31039518117904663,0.2521141767501831,0.24571602046489716,0.2277517020702362,0.048809852451086044,0.029234273359179497,0.31712064146995544,0.6675875186920166,0.6517412662506104,0.06718993932008743,-0.04474412649869919,0.045363131910562515,0.2133507877588272,0.8873928785324097,0.7396950721740723,0.8395552039146423,0.0856313481926918,0.3013392984867096,0.5486186146736145,0.5358565449714661,0.5563402771949768,0.5010263919830322,0.49751827120780945,0.4964473843574524,0.25076788663864136,0.2507561445236206,0.2525418698787689,0.04224683344364166,0.03580676391720772,0.05584639310836792,0.7071694731712341,0.6891952157020569,0.7052047848701477,0.012415172532200813,-0.011439798399806023,-0.014423985034227371,0.9941099286079407,0.9485924243927002,0.9333709478378296,0.007942811585962772,0.046444121748209,0.0595238097012043,0.5905065536499023,0.5686004161834717,0.6049773097038269,0.9931826591491699,0.950863242149353,0.9364365935325623,0.5482597947120667,0.5424966812133789,0.5685393214225769,0.3626250922679901,0.5614403486251831,0.5475897192955017,0.18945102393627167,0.899734377861023,0.7219903469085693,0.5482597947120667,0.5424966812133789,0.5685393214225769,0.01709107495844364,0.027511725202202797,0.04830367863178253,0.09290648251771927,0.0,0.06691507995128632,4.0662951050762786e-07,0.46748119592666626,0.5850813984870911,0.7827560901641846,1.835318684577942,0.46864548325538635,0.510577380657196,0.5398672223091125,0.4729287028312683,0.4982638359069824,0.4993026554584503,0.3123719394207001,0.2504906952381134,0.2611815929412842,0.215420663356781,0.032770510762929916,0.08164075016975403,0.3604709506034851,0.6417927742004395,0.6959124803543091,2.2782771587371826,0.8671417832374573,0.6937865018844604,0.7173487544059753,-0.05806643143296242,-0.004841390531510115,-0.0040734014473855495,0.2925514578819275,0.8469811081886292,0.9693745374679565,0.6533059477806091,0.1495465785264969,0.029230769723653793,0.02548939734697342,0.037655625492334366,0.058926746249198914,0.5118728876113892,0.5170987844467163,0.5428348183631897,0.5,0.49947917461395264,0.4997938871383667,0.25997093319892883,0.2540997564792633,0.2510695159435272,0.09942832589149475,0.058612972497940063,0.03901125118136406,0.6771374940872192,0.6815941333770752,0.7035048604011536,0.0,-0.01619677245616913,-0.005812035873532295,1.0,0.9984636902809143,0.9985621571540833,0.0,0.0004946413682773709,0.001025640987791121,0.6113011837005615,0.5756831169128418,0.5818343162536621,1.0,0.9989660978317261,0.9987505078315735,0.5118728876113892,0.5176554918289185,0.5431472063064575,0.0,0.0,0.0,0.06364168971776962,0.0,0.00038496035267598927,0.0,0.0,0.0,6.019473075866699,0.4273298978805542,0.5354459881782532,0.610002875328064,1.3082053661346436,1.5098620653152466,1.8507113456726074,4.668778896331787,0.2375199794769287,0.10577654838562012,0.08501678705215454,0.0,0.1575210690498352,0.7424123883247375,0.8496643304824829,1.7495977878570557,0.3189799189567566,0.8486559391021729,0.9700117111206055,0.00038496035267598927,0.2742234468460083,0.11644157022237778,0.14976942539215088,0.5404344797134399,0.25573813915252686,0.02548939734697342,0.037655625492334366,0.058926746249198914,0.1220717653632164,0.5118728876113892,0.5176554918289185,0.5431472063064575,0.0,0.0,1.8582451343536377,1.7561190128326416
3,4.386262844491284e-06,0.4103269577026367,0.49837809801101685,0.674281120300293,1.5829861164093018,2.242393732070923,0.8541644215583801,0.6911841630935669,0.6970451474189758,0.017666736617684364,0.027529317885637283,0.046150870621204376,0.0,0.0,0.0,1.8920738697052002,0.057721443474292755,0.0,0.0003849603817798197,0.0,0.0,0.0,5.1526713371276855,0.004999999888241291,0.0010000000474974513,1.26168954372406,1.391934871673584,1.6747314929962158,4.32835578918457,0.0,0.2580273151397705,0.09673827886581421,0.08630859851837158,0.0,0.10978974401950836,0.5629163980484009,0.6756089329719543,1.3483150005340576,0.0003849603817798197,0.25345081090927124,0.02372613176703453,0.04547238349914551,0.3226493299007416,0.09528131783008575,0.49815496802330017,0.5332956910133362,0.5468577742576599,0.5289577841758728,0.49366340041160583,0.49760687351226807,0.30039381980895996,0.24902723729610443,0.2503960132598877,0.2085626870393753,0.020446771755814552,0.037099603563547134,0.3472000062465668,0.6768268942832947,0.6872146129608154,0.07005274295806885,-0.02047198824584484,-0.00743379769846797,0.24111111462116241,0.8882051110267639,0.8826979398727417,0.8168044090270996,0.09912170469760895,0.11251579970121384,0.5553505420684814,0.546839714050293,0.5650495886802673,0.5020661354064941,0.497953861951828,0.5084318518638611,0.2492576688528061,0.24966906011104584,0.24601927399635315,0.04620315507054329,0.02486233040690422,0.01729309931397438,0.7134363651275635,0.7051047086715698,0.7115174531936646,0.0478689931333065,-0.017612433061003685,0.03630173206329346,1.0,0.9846153855323792,0.9511241316795349,0.00413223123177886,0.011292346753180027,0.06573957204818726,0.5997086763381958,0.5705175995826721,0.5800797343254089,0.9981549978256226,0.9864559769630432,0.9437706470489502,0.553505539894104,0.5502257347106934,0.5639470815658569,0.38824647665023804,0.5460193753242493,0.575241208076477,0.21525214612483978,0.8939051628112793,0.884784996509552,0.553505539894104,0.5502257347106934,0.5639470815658569,0.017666736617684364,0.027529317885637283,0.046150870621204376,0.09134692698717117,0.0,0.07054032385349274,3.1703562854090706e-05,0.46383750438690186,0.5855754017829895,0.7883913516998291,1.8378043174743652,0.47098663449287415,0.5122475028038025,0.5439281463623047,0.4733004570007324,0.49846547842025757,0.5013843178749084,0.30545735359191895,0.25123101472854614,0.2644433379173279,0.19679275155067444,0.03364988788962364,0.10482922196388245,0.4210815131664276,0.6535615921020508,0.703131377696991,2.266190767288208,0.84630286693573,0.6952293515205383,0.7246585488319397,-0.054441604763269424,-0.004906143061816692,0.016693666577339172,0.37585756182670593,0.8887693881988525,0.9943925142288208,0.5707433819770813,0.10816158354282379,0.00837606843560934,0.025818675756454468,0.03770166262984276,0.05821247771382332,0.5118728876113892,0.517257809638977,0.543303370475769,0.5,0.49962154030799866,0.5001709461212158,0.26587554812431335,0.2554028332233429,0.2528230845928192,0.1266191452741623,0.06860808283090591,0.04600299894809723,0.6771374940872192,0.681799054145813,0.7040186524391174,0.0,-0.01603458635509014,0.013627924956381321,1.0,0.9990782141685486,1.0,0.0,0.00016488046094309539,0.0003418803389649838,0.6384920477867126,0.5858500599861145,0.5891501903533936,1.0,0.9994432926177979,0.9998438358306885,0.5118728876113892,0.5176554918289185,0.5431472063064575,0.0,0.0,0.0,0.059021949768066406,0.0,0.00037853309186175466,0.0,0.0,0.0,5.9706244468688965,0.4717784821987152,0.5406863689422607,0.6411440372467041,1.2742197513580322,1.5265185832977295,1.8223140239715576,4.623052597045898,0.24404776096343994,0.10240304470062256,0.10364162921905518,0.0,0.1621476709842682,0.7448976039886475,0.8611028790473938,1.7681479454040527,0.4019230902194977,0.8902497291564941,0.993127703666687,0.00037853309186175466,0.25741028785705566,0.1182136982679367,0.17037354409694672,0.5459975004196167,0.21023663878440857,0.025818675756454468,0.03770166262984276,0.05821247771382332,0.12173282355070114,0.5118728876113892,0.5176554918289185,0.5431472063064575,0.0,0.0,1.8524740934371948,1.830736517906189
4,2.4924736862885766e-05,0.3850991725921631,0.4875013828277588,0.6835546493530273,1.5561552047729492,2.2042229175567627,0.8217937350273132,0.6937755346298218,0.6886535882949829,0.017000515013933182,0.027487341314554214,0.04939531907439232,0.0,0.0,0.0,2.5286521911621094,0.051629409193992615,0.0,0.00037765101296827197,0.0,0.0,0.0,5.001312732696533,0.004999999888241291,0.0010000000474974513,1.1739590167999268,1.3827121257781982,1.6798222064971924,4.236493110656738,0.0,0.2547363042831421,0.10448241233825684,0.10371093451976776,0.0,0.1044091135263443,0.5490423440933228,0.6869114637374878,1.3403629064559937,0.00037765101296827197,0.20747479796409607,0.036224380135536194,0.05010681226849556,0.2938060164451599,0.07169545441865921,0.5063713788986206,0.5141163468360901,0.5681942105293274,0.5255489945411682,0.48172369599342346,0.5219539403915405,0.29192548990249634,0.250277578830719,0.24733810126781464,0.16984689235687256,0.028346480801701546,0.033215489238500595,0.3913205862045288,0.6515489220619202,0.7055978178977966,0.0573703907430172,-0.05070207640528679,0.07621154189109802,0.29316142201423645,0.8315245509147644,0.9294463396072388,0.7579365372657776,0.13192284107208252,0.11446154117584229,0.541262149810791,0.5440428853034973,0.5553737282752991,0.5,0.49893489480018616,0.5007819533348083,0.25423628091812134,0.25123780965805054,0.24944175779819489,0.06946730613708496,0.0419926792383194,0.03250712528824806,0.7023622393608093,0.7026329636573792,0.7108903527259827,0.0,-0.009367145597934723,0.005717067513614893,1.0,0.9860464930534363,0.9818716049194336,0.0,0.01182327326387167,0.019692307338118553,0.610729455947876,0.5852363705635071,0.5873085856437683,1.0,0.9870129823684692,0.9811784029006958,0.541262149810791,0.546301543712616,0.5567376017570496,0.4174375534057617,0.5355440378189087,0.5898539423942566,0.2697208821773529,0.8481084108352661,0.9099836349487305,0.541262149810791,0.546301543712616,0.5567376017570496,0.017000515013933182,0.027487341314554214,0.04939531907439232,0.09388317167758942,0.0,0.06911641359329224,0.00011119279952254146,0.44636112451553345,0.5881015062332153,0.7826912999153137,1.8171539306640625,0.47416388988494873,0.5124065279960632,0.5445529222488403,0.4755935072898865,0.49789369106292725,0.5082874298095703,0.30096179246902466,0.25148701667785645,0.2569652199745178,0.18344326317310333,0.03802914172410965,0.06186867877840996,0.44712090492248535,0.6586872935295105,0.6889268159866333,2.2352917194366455,0.8318084478378296,0.6956869959831238,0.7077963948249817,-0.04916384443640709,-0.0073898788541555405,0.030603604391217232,0.4153871238231659,0.9088953733444214,0.9285406470298767,0.5357999205589294,0.08689200133085251,0.08803419023752213,0.02465023286640644,0.03744158521294594,0.05731629952788353,0.5118728876113892,0.5173373818397522,0.5423662662506104,0.5,0.4997602105140686,0.4995526671409607,0.26419082283973694,0.2573506534099579,0.2521683871746063,0.11979742348194122,0.08013823628425598,0.023247620090842247,0.6771374940872192,0.6815008521080017,0.702688992023468,0.0,-0.005083844531327486,-0.007145780138671398,1.0,0.9975418448448181,0.9956865310668945,0.0,0.0019785654731094837,0.003418803447857499,0.631670355796814,0.5974085927009583,0.5651068091392517,1.0,0.9977731704711914,0.9960952997207642,0.5118728876113892,0.5176554918289185,0.5431472063064575,0.0,0.0,0.0,0.052299026399850845,0.0,0.00037257501389831305,0.0,0.0,0.0,5.815805435180664,0.488739550113678,0.5462331175804138,0.5942461490631104,1.227212905883789,1.5490267276763916,1.8181557655334473,4.594395637512207,0.21606570482254028,0.10352474451065063,0.07652503252029419,0.0,0.15493842959403992,0.7499220967292786,0.8532670140266418,1.7581275701522827,0.4392140507698059,0.9109272956848145,0.9209683537483215,0.00037257501389831305,0.247773677110672,0.1209796592593193,0.13955040276050568,0.508303701877594,0.19847449660301208,0.02465023286640644,0.03744158521294594,0.05731629952788353,0.11940811574459076,0.5118728876113892,0.5176554918289185,0.5431472063064575,0.0,0.0,1.8165639638900757,1.7903902530670166
5,0.00013949738058727235,0.3649722635746002,0.4763251543045044,0.6762423515319824,1.5175398588180542,2.1608119010925293,0.7868926525115967,0.6922056674957275,0.681713342666626,0.01675579510629177,0.025930188596248627,0.04578622058033943,0.0,0.0,0.0,2.2840828895568848,0.04175753518939018,0.0,0.00037056056316941977,0.0,0.0,0.0,4.849142074584961,0.004999999888241291,0.0010000000474974513,1.1038082838058472,1.3521230220794678,1.665497064590454,4.121428489685059,0.0,0.23482424020767212,0.09018552303314209,0.10458007454872131,0.0,0.103043332695961,0.535460352897644,0.6797002553939819,1.3182039260864258,0.00037056056316941977,0.16837605834007263,0.03189285099506378,0.024419497698545456,0.22468841075897217,0.030889246612787247,0.5236184000968933,0.5199096202850342,0.5552538633346558,0.5367617607116699,0.48983097076416016,0.5122854709625244,0.28035250306129456,0.24951305985450745,0.24428361654281616,0.13568422198295593,0.026195652782917023,0.022289955988526344,0.47103187441825867,0.6662740707397461,0.6829268336296082,0.07647158950567245,-0.033977240324020386,0.03315410763025284,0.38945579528808594,0.8917498588562012,0.849711000919342,0.6840677857398987,0.08791209012269974,0.17485998570919037,0.5446125268936157,0.5337475538253784,0.5495520234107971,0.5,0.5000699758529663,0.4926774501800537,0.25518563389778137,0.2543247938156128,0.24858057498931885,0.08439122140407562,0.06015326827764511,0.027302803471684456,0.7051768898963928,0.6865388751029968,0.7015650272369385,0.0,0.00032003354863263667,-0.03204957768321037,1.0,0.9500788450241089,0.939306378364563,0.0,0.050061050802469254,0.04604853689670563,0.6290037631988525,0.5908761024475098,0.5717196464538574,1.0,0.9500141143798828,0.9456964135169983,0.5446125268936157,0.537418782711029,0.5636709332466125,0.4625314474105835,0.5415123701095581,0.5653403997421265,0.35597407817840576,0.9011578559875488,0.8389899730682373,0.5446125268936157,0.537418782711029,0.5636709332466125,0.01675579510629177,0.025930188596248627,0.04578622058033943,0.08847220242023468,0.0,0.07098425924777985,3.950911195715889e-05,0.43407830595970154,0.5939199924468994,0.7907110452651978,1.818709373474121,0.47533443570137024,0.5174964070320129,0.5434595942497253,0.474670946598053,0.5013591051101685,0.5049588680267334,0.2976880669593811,0.25241491198539734,0.25834131240844727,0.17516033351421356,0.04551765322685242,0.07641790807247162,0.4951323866844177,0.6728145480155945,0.6935416460037231,2.2301061153411865,0.8216886520385742,0.6974951028823853,0.7109224796295166,-0.050719745457172394,0.0066996109671890736,0.021970568224787712,0.5026135444641113,0.9583653211593628,0.951114296913147,0.44672831892967224,0.04435284435749054,0.05880342051386833,0.0237970482558012,0.0374114029109478,0.05723971128463745,0.5118728876113892,0.5179736018180847,0.5385396480560303,0.5,0.5004647374153137,0.4960843622684479,0.26386675238609314,0.26144346594810486,0.2558930218219757,0.11767692863941193,0.09862655401229858,0.05172377824783325,0.6771374940872192,0.681519627571106,0.6993334293365479,0.0,0.0072370292618870735,-0.0428549088537693,1.0,0.9963127970695496,0.9880661368370056,0.0,0.0046166530810296535,0.004102563951164484,0.6295499205589294,0.6161270141601562,0.5789383053779602,1.0,0.9958645105361938,0.9916439056396484,0.5118728876113892,0.5176554918289185,0.5431472063064575,0.0,0.0,0.0,0.04452962055802345,0.0,0.0003669900179374963,0.0,0.0,0.0,5.750955104827881,0.524617612361908,0.561011016368866,0.6119651794433594,1.1982707977294922,1.5663586854934692,1.821695327758789,4.586324691772461,0.1886507272720337,0.11907225847244263,0.08509594202041626,0.0,0.15032878518104553,0.7617359757423401,0.8689054250717163,1.7809702157974243,0.5273411273956299,0.9570542573928833,0.9465833902359009,0.0003669900179374963,0.245266392827034,0.12737886607646942,0.14659656584262848,0.5192418694496155,0.1795228123664856,0.0237970482558012,0.0374114029109478,0.05723971128463745,0.1184481605887413,0.5118728876113892,0.5176554918289185,0.5431472063064575,0.0,0.0,1.7786792516708374,1.6591761112213135
6,6.848934572190046e-05,0.36171913146972656,0.4782902002334595,0.6745286583900452,1.514538049697876,2.166476249694824,0.794590413570404,0.6886537075042725,0.6832321882247925,0.01585370860993862,0.026112154126167297,0.04538523778319359,0.0,0.0,0.0,2.1739566326141357,0.03799020126461983,0.0,0.00036699004704132676,0.0,0.0,0.0,4.737054824829102,0.004999999888241291,0.0010000000474974513,1.0872180461883545,1.3430935144424438,1.6526576280593872,4.0829691886901855,0.0,0.2154296636581421,0.10642576217651367,0.10322265326976776,0.0,0.10495913773775101,0.5389894843101501,0.6791027784347534,1.3230514526367188,0.00036699004704132676,0.1560380756855011,0.02294863574206829,0.031482357531785965,0.2104690670967102,0.013983470387756824,0.49638989567756653,0.5433558821678162,0.5601300001144409,0.5017769932746887,0.49291613698005676,0.5103932619094849,0.28403234481811523,0.24773193895816803,0.2450270801782608,0.1374848186969757,0.02189056947827339,0.027721181511878967,0.45186638832092285,0.7004063129425049,0.6942771077156067,0.003632843028753996,-0.04177752509713173,0.03078758902847767,0.3951890170574188,0.9643946886062622,0.8806112408638,0.608364999294281,0.02143757790327072,0.1401752233505249,0.5252707600593567,0.5529279112815857,0.5487540364265442,0.5,0.5011975169181824,0.49295324087142944,0.2578184902667999,0.25263726711273193,0.24867230653762817,0.09579641371965408,0.0601656548678875,0.03946336358785629,0.6887574195861816,0.7091574668884277,0.6954296231269836,0.0,0.009394755586981773,-0.024960441514849663,1.0,0.9847406148910522,0.9083094596862793,0.0,0.017654476687312126,0.0775969997048378,0.6210671663284302,0.6070301532745361,0.5697494745254517,1.0,0.9836711883544922,0.9144095182418823,0.5252707600593567,0.5534909963607788,0.5671722888946533,0.4812321364879608,0.563284158706665,0.5785724520683289,0.39350181818008423,0.9707207083702087,0.8716142773628235,0.5252707600593567,0.5534909963607788,0.5671722888946533,0.01585370860993862,0.026112154126167297,0.04538523778319359,0.08735109865665436,0.0,0.07101863622665405,5.493695425684564e-05,0.4309762716293335,0.6009343266487122,0.800518810749054,1.83242928981781,0.47767558693885803,0.506203293800354,0.5385396480560303,0.4753764569759369,0.49366211891174316,0.5068528056144714,0.2940131425857544,0.251670241355896,0.2539829611778259,0.1664925217628479,0.03944246470928192,0.04236523434519768,0.5286350250244141,0.6402456760406494,0.6729395985603333,2.2056353092193604,0.808556079864502,0.6959787011146545,0.7011002898216248,-0.05017128959298134,-0.01798573136329651,0.02015574835240841,0.5721986293792725,0.848824679851532,0.8740474581718445,0.3785542845726013,0.13849958777427673,0.139658123254776,0.023027632385492325,0.03815995156764984,0.05870616063475609,0.5118728876113892,0.5184507966041565,0.5278406739234924,0.5,0.5010043382644653,0.4875117838382721,0.27044644951820374,0.2655744254589081,0.259687215089798,0.13991086184978485,0.11558084189891815,0.06510741263628006,0.6771374940872192,0.6814666986465454,0.6871895790100098,0.0,0.013122567906975746,-0.06890925765037537,1.0,0.995083749294281,0.9548526406288147,0.0,0.006924979388713837,0.020170940086245537,0.6517837643623352,0.6332363486289978,0.5911530256271362,1.0,0.9941148161888123,0.9662631750106812,0.5118728876113892,0.5176554918289185,0.5431472063064575,0.0,0.0,0.0,0.03612152114510536,0.0,0.00036182644544169307,0.0,0.0,0.0,5.758569717407227,0.5491037964820862,0.5395137071609497,0.5718700289726257,1.2164227962493896,1.5689324140548706,1.8323034048080444,4.617659091949463,0.17510849237442017,0.1359788477420807,0.09545862674713135,0.0,0.15010689198970795,0.7775992751121521,0.8867904543876648,1.8144965171813965,0.5962374806404114,0.8549387454986572,0.8677860498428345,0.00036182644544169307,0.2402142733335495,0.12227845937013626,0.12628133594989777,0.48877403140068054,0.1657244712114334,0.023027632385492325,0.03815995156764984,0.05870616063475609,0.11989374458789825,0.5118728876113892,0.5176554918289185,0.5431472063064575,0.0,0.0,1.7242677211761475,1.6636216640472412
7,9.933259570971131e-05,0.3299775719642639,0.4736742079257965,0.6817131042480469,1.4853649139404297,2.1175360679626465,0.7490649223327637,0.6883266568183899,0.6801445484161377,0.014378763735294342,0.025715632364153862,0.044788070023059845,0.0,0.0,0.0,3.2223567962646484,0.029475579038262367,0.0,0.0003614742308855057,0.0,0.0,0.0,4.688345909118652,0.004999999888241291,0.0010000000474974513,0.9913550615310669,1.338778018951416,1.6734027862548828,4.003535747528076,0.0,0.16504883766174316,0.09207034111022949,0.10248047113418579,0.0,0.09294934570789337,0.5311691761016846,0.6879867315292358,1.3121051788330078,0.0003614742308855057,0.10644706338644028,0.014590924605727196,0.03398973494768143,0.15502771735191345,0.005027150735259056,0.5383685827255249,0.5313913822174072,0.5596529245376587,0.5401183366775513,0.4929548501968384,0.5239630341529846,0.2667345106601715,0.24758538603782654,0.24353790283203125,0.08278239518404007,0.02031821385025978,0.020460033789277077,0.5449672341346741,0.6800540089607239,0.6721840500831604,0.08010272681713104,-0.02568950690329075,0.05721710994839668,0.5157835483551025,0.9124352335929871,0.7993279099464417,0.564453125,0.0734744742512703,0.2485981285572052,0.5365558862686157,0.5517534017562866,0.577277660369873,0.500694751739502,0.5121825933456421,0.5329886078834534,0.2534397542476654,0.25087544322013855,0.244883731007576,0.08019475638866425,0.055270373821258545,0.032337408512830734,0.698031485080719,0.6968827247619629,0.7003651261329651,0.01994466595351696,0.04851284250617027,0.09062011539936066,0.9994363188743591,0.9440414309501648,0.8746999502182007,0.001953125,0.08032378554344177,0.19127726554870605,0.616146445274353,0.5994694232940674,0.5677841901779175,0.998791515827179,0.9329751133918762,0.8459869623184204,0.5359516739845276,0.5458144545555115,0.5648047924041748,0.5082146525382996,0.5470758080482483,0.5463698506355286,0.4785498380661011,0.9188348650932312,0.7784706950187683,0.5359516739845276,0.5458144545555115,0.5648047924041748,0.014378763735294342,0.025715632364153862,0.044788070023059845,0.0848824679851532,0.0,0.07263141125440598,0.0001616832596482709,0.42535266280174255,0.5951952338218689,0.8004748225212097,1.821022629737854,0.47842809557914734,0.5121679902076721,0.513158917427063,0.475126177072525,0.5013972520828247,0.48456108570098877,0.2863052487373352,0.25149330496788025,0.2559656798839569,0.14978964626789093,0.03214405104517937,0.06541799008846283,0.5465911030769348,0.6311929225921631,0.6454731822013855,2.183711290359497,0.7830865979194641,0.695573627948761,0.705051064491272,-0.05175773799419403,0.0035249378997832537,-0.040954168885946274,0.6141783595085144,0.8064218759536743,0.8159597516059875,0.33607399463653564,0.1963726282119751,0.1531623899936676,0.02190988138318062,0.03962358832359314,0.0623292475938797,0.5121237635612488,0.5168601870536804,0.5240921378135681,0.5002569556236267,0.5006601810455322,0.4869941771030426,0.2683521807193756,0.26174893975257874,0.2591395676136017,0.12606848776340485,0.10254533588886261,0.08005624264478683,0.6772498488426208,0.6727713346481323,0.6766765713691711,0.016220495104789734,0.0033198262099176645,-0.050379227846860886,1.0,0.9594407677650452,0.9168943166732788,0.0005138746346347034,0.04187963902950287,0.057094018906354904,0.6379413604736328,0.6161559224128723,0.6024045348167419,0.9997491836547852,0.9588038921356201,0.928777813911438,0.5118728876113892,0.5176554918289185,0.5431472063064575,0.0,0.0,0.0,0.03097466379404068,0.0,0.0003570252738427371,0.0,0.0,0.0,5.7192559242248535,0.5500434041023254,0.5359925627708435,0.5671567916870117,1.2282474040985107,1.5476200580596924,1.8445656299591064,4.6204328536987305,0.14336156845092773,0.11899876594543457,0.10620009899139404,0.0,0.1471419632434845,0.7679349184036255,0.8841034173965454,1.799180269241333,0.6384615302085876,0.8050739765167236,0.8300663828849792,0.0003570252738427371,0.22304756939411163,0.12229117751121521,0.13032756745815277,0.4756663143634796,0.1735120713710785,0.02190988138318062,0.03962358832359314,0.0623292475938797,0.12386272847652435,0.5118728876113892,0.5176554918289185,0.5431472063064575,0.0,0.0,1.6752415895462036,1.5970656871795654
8,0.000115624898171518,0.32921475172042847,0.48224639892578125,0.6715326309204102,1.4829938411712646,2.1119775772094727,0.747201681137085,0.6868879795074463,0.6778879761695862,0.014130035415291786,0.026590004563331604,0.04712577536702156,0.0,0.0,0.0,4.186817169189453,0.028068779036402702,0.0,0.00035575847141444683,0.0,0.0,0.0,4.6187334060668945,0.004999999888241291,0.0010000000474974513,1.0087358951568604,1.3614124059677124,1.6654547452926636,4.035603046417236,0.0,0.15013670921325684,0.10121095180511475,0.09465819597244263,0.0,0.09654934704303741,0.5474216938018799,0.6695581674575806,1.313529133796692,0.00035575847141444683,0.0973554477095604,0.013292200863361359,0.03991973027586937,0.15056738257408142,0.002386750653386116,0.5212343335151672,0.5381549000740051,0.5591691732406616,0.5206335783004761,0.508323073387146,0.5400015711784363,0.2640649676322937,0.24688692390918732,0.24231208860874176,0.07715822011232376,0.007785371504724026,0.03249092027544975,0.5432818531990051,0.671393871307373,0.6393918991088867,0.041148845106363297,0.024233728647232056,0.08387181907892227,0.5283446907997131,0.8721052408218384,0.6962025165557861,0.512922465801239,0.144540935754776,0.3838006258010864,0.5417048335075378,0.5654897689819336,0.5878655314445496,0.5035569071769714,0.5343855023384094,0.5557551980018616,0.25125181674957275,0.24705085158348083,0.24276860058307648,0.08352027088403702,0.052191540598869324,0.025782311335206032,0.7002398371696472,0.6946778297424316,0.690094530582428,0.035494811832904816,0.10627330094575882,0.13119091093540192,0.9931972622871399,0.9136841893196106,0.8174294233322144,0.013916500844061375,0.15508684515953064,0.2940810024738312,0.6224753260612488,0.592793881893158,0.5711569786071777,0.989917516708374,0.8821184635162354,0.7685160040855408,0.5389550924301147,0.5410022735595703,0.5613555908203125,0.5161545872688293,0.5389223694801331,0.530897319316864,0.5093186497688293,0.8644647002220154,0.6611095666885376,0.5389550924301147,0.5410022735595703,0.5613555908203125,0.014130035415291786,0.026590004563331604,0.04712577536702156,0.0878458172082901,0.0,0.07414889335632324,8.251575491158292e-05,0.41985493898391724,0.589493989944458,0.8040916323661804,1.8134405612945557,0.4839465022087097,0.5106568932533264,0.5277625918388367,0.4783075451850891,0.4963836669921875,0.48833614587783813,0.28521767258644104,0.2512233555316925,0.264475554227829,0.14823494851589203,0.04267184063792229,0.102513387799263,0.5867701768875122,0.6558147072792053,0.6849700212478638,2.19789981842041,0.7789682745933533,0.695033848285675,0.7238975763320923,-0.049255166202783585,-0.012273103930056095,-0.056582774966955185,0.715779185295105,0.9005991816520691,0.9452192783355713,0.24083590507507324,0.0921681746840477,0.03145299106836319,0.022603556513786316,0.03859753534197807,0.06454414874315262,0.5126253962516785,0.5062828063964844,0.4905115067958832,0.5038777589797974,0.495724081993103,0.4764094650745392,0.2636354863643646,0.2585420608520508,0.2633749544620514,0.09042259305715561,0.08302917331457138,0.10915182530879974,0.6469199061393738,0.624984860420227,0.5770228505134583,0.011470521800220013,-0.010660666972398758,-0.049663085490465164,0.8722639679908752,0.7947457432746887,0.6398274898529053,0.13549160957336426,0.19670239090919495,0.3129914402961731,0.597088098526001,0.5723412036895752,0.5692309737205505,0.8684782385826111,0.7988706827163696,0.661382257938385,0.5118728876113892,0.5176554918289185,0.5431472063064575,0.0,0.0,0.0,0.02778853289783001,0.0,0.0003527491935528815,0.0,0.0,0.0,5.726655960083008,0.5796277523040771,0.5492779612541199,0.627135694026947,1.2131165266036987,1.5309292078018188,1.8553544282913208,4.599400043487549,0.09935444593429565,0.07451760768890381,0.07019466161727905,0.0,0.14444538950920105,0.7571339011192322,0.8871757984161377,1.7887550592422485,0.7369565367698669,0.9040877819061279,0.9558765888214111,0.0003527491935528815,0.2201690524816513,0.12707361578941345,0.17342568933963776,0.5206682682037354,0.19332899153232574,0.022603556513786316,0.03859753534197807,0.06454414874315262,0.1257452517747879,0.5118728876113892,0.5176554918289185,0.5431472063064575,0.0,0.0,1.6216566562652588,1.6190588474273682
9,8.827463898342103e-05,0.3268861174583435,0.44736215472221375,0.6650404930114746,1.4392887353897095,2.0998826026916504,0.7404597997665405,0.6840440630912781,0.6753787398338318,0.014860883355140686,0.0269866231828928,0.04937395080924034,0.0,0.0,0.0,4.409594535827637,0.024459142237901688,0.0,0.0003527491935528815,0.0,0.0,0.0,4.582303047180176,0.004999999888241291,0.0010000000474974513,1.0110735893249512,1.2552282810211182,1.671202540397644,3.937504291534424,0.0,0.11285156011581421,0.08841796219348907,0.12064452469348907,0.0,0.09569490700960159,0.4807208180427551,0.6560160517692566,1.2324317693710327,0.0003527491935528815,0.10264764726161957,0.019377466291189194,0.03154073655605316,0.15356585383415222,0.0031153697054833174,0.5138888955116272,0.5456607937812805,0.5765027403831482,0.5043725967407227,0.5077419281005859,0.5246945023536682,0.26443755626678467,0.24550461769104004,0.24124059081077576,0.09120117127895355,0.024334674701094627,0.02471519261598587,0.5826852917671204,0.6932209134101868,0.7117888331413269,0.009018456563353539,0.03188799321651459,0.08348426967859268,0.6314606666564941,0.944676399230957,0.9264279007911682,0.37728458642959595,0.07080745697021484,0.12296110391616821,0.5670289993286133,0.5916052460670471,0.6005464196205139,0.5439889430999756,0.5730313062667847,0.5897059440612793,0.24172168970108032,0.23857562243938446,0.23597674071788788,0.04103115573525429,0.02304290607571602,0.03077603690326214,0.6789073348045349,0.6768402457237244,0.6556759476661682,0.11203981935977936,0.16210421919822693,0.18125979602336884,0.8516854047775269,0.7870563864707947,0.6737657189369202,0.23629242181777954,0.35900622606277466,0.5056461691856384,0.5777955651283264,0.5574653148651123,0.5444119572639465,0.8109903335571289,0.7203630208969116,0.5956284403800964,0.5374395847320557,0.5433919429779053,0.5644809007644653,0.5477789640426636,0.5517765283584595,0.5890737175941467,0.6274154782295227,0.9376063346862793,0.9049180150032043,0.5374395847320557,0.5433919429779053,0.5644809007644653,0.014860883355140686,0.0269866231828928,0.04937395080924034,0.09122145175933838,0.0,0.0736003965139389,0.00016498898912686855,0.4155108332633972,0.5880457162857056,0.8051906824111938,1.8087472915649414,0.48068562150001526,0.5104182958602905,0.5074580311775208,0.47442302107810974,0.5012593865394592,0.4816622734069824,0.27964574098587036,0.2516748011112213,0.26035457849502563,0.13866916298866272,0.036593034863471985,0.08708617836236954,0.5926945805549622,0.6166396737098694,0.6325662732124329,2.174874782562256,0.7641147971153259,0.6959232687950134,0.714836835861206,-0.06014098599553108,0.002944532549008727,-0.04544859379529953,0.7381574511528015,0.7606391310691833,0.7805895209312439,0.21068859100341797,0.2418796420097351,0.18273504078388214,0.023839082568883896,0.040222372859716415,0.06436492502689362,0.49941471219062805,0.5095434784889221,0.48192113637924194,0.49612265825271606,0.5062291026115417,0.47954148054122925,0.2600688338279724,0.25824737548828125,0.2659793496131897,0.08018714934587479,0.07965005189180374,0.11941450834274292,0.5648666024208069,0.5588383078575134,0.5153418779373169,-0.008068419061601162,0.012676889076828957,-0.040818795561790466,0.6347599029541016,0.6000921726226807,0.5071171522140503,0.35748544335365295,0.41236603260040283,0.4519658088684082,0.5529030561447144,0.5369202494621277,0.5346288084983826,0.6385451555252075,0.5940830111503601,0.5258102416992188,0.5118728876113892,0.5176554918289185,0.5431472063064575,0.0,0.0,0.0,0.03241683170199394,0.0,0.0003489802766125649,0.0,0.0,0.0,5.684137344360352,0.5791379809379578,0.5352418422698975,0.5785412788391113,1.2188488245010376,1.5435065031051636,1.8509217500686646,4.613276958465576,0.056747615337371826,0.03647458553314209,0.039121270179748535,0.0,0.14190569519996643,0.7536306381225586,0.8915408849716187,1.7870771884918213,0.7631270885467529,0.7594242095947266,0.7973448038101196,0.0003489802766125649,0.20361065864562988,0.12300623953342438,0.15679998695850372,0.483416885137558,0.19243793189525604,0.023839082568883896,0.040222372859716415,0.06436492502689362,0.12842637300491333,0.5118728876113892,0.5176554918289185,0.5431472063064575,0.0,0.0,1.5507146120071411,1.4076061248779297
10,0.00020476403005886823,0.3129597306251526,0.4635273814201355,0.6785142421722412,1.4550013542175293,2.055860757827759,0.7056099772453308,0.677457869052887,0.6727928519248962,0.013872923329472542,0.0257838424295187,0.04687162861227989,0.0,0.0,0.0,11.770097732543945,0.02741330862045288,0.0,0.0003489802766125649,0.0,0.0,0.0,4.575557231903076,0.004999999888241291,0.0010000000474974513,0.9408718347549438,1.3306000232696533,1.6927686929702759,3.964240550994873,0.0,0.10781249403953552,0.12470704317092896,0.16220703721046448,0.0,0.08889132738113403,0.5171636343002319,0.6785290837287903,1.2845840454101562,0.0003489802766125649,0.05708898603916168,0.04301707074046135,0.053448766469955444,0.15355482697486877,0.004589026793837547,0.5384615659713745,0.5797598361968994,0.581191897392273,0.5136011838912964,0.5420020222663879,0.5555494427680969,0.24890461564064026,0.24223998188972473,0.23995447158813477,0.05396352708339691,0.037774886935949326,0.0439087375998497,0.6264940500259399,0.6900042295455933,0.6643295288085938,0.02819490060210228,0.10202790051698685,0.11618946492671967,0.6649048328399658,0.82542884349823,0.7124060392379761,0.36229750514030457,0.2585752010345459,0.3986928164958954,0.5710769295692444,0.5786163806915283,0.5418261289596558,0.5596956014633179,0.5761983394622803,0.5577141642570496,0.24276381731033325,0.2405657023191452,0.24771493673324585,0.0678074061870575,0.055428579449653625,0.08932942897081375,0.6306306719779968,0.6151435971260071,0.5390539169311523,0.11926960200071335,0.15128080546855927,0.1156708300113678,0.6289640665054321,0.5943491458892822,0.46052631735801697,0.4904271066188812,0.5580474734306335,0.6549019813537598,0.5280125737190247,0.5142812728881836,0.5024288296699524,0.5790769457817078,0.5283018946647644,0.4122471213340759,0.582153856754303,0.5666095018386841,0.5817386507987976,0.5490174889564514,0.5332093834877014,0.541267991065979,0.6535384654998779,0.7890223264694214,0.6659376621246338,0.582153856754303,0.5666095018386841,0.5817386507987976,0.013872923329472542,0.0257838424295187,0.04687162861227989,0.08652839064598083,0.0,0.07498148083686829,0.00011018494114978239,0.4191375970840454,0.5880909562110901,0.8038960099220276,1.8111248016357422,0.4763377904891968,0.5157467722892761,0.5201874375343323,0.4697549045085907,0.5021884441375732,0.4841872453689575,0.2765137851238251,0.2507486939430237,0.26559731364250183,0.13442662358283997,0.03630638122558594,0.10840431600809097,0.5935492515563965,0.6545248031616211,0.6711272597312927,2.1771249771118164,0.7557862997055054,0.6941191554069519,0.7272195219993591,-0.07258159667253494,0.006831057835370302,-0.056736357510089874,0.7469781041145325,0.8861576318740845,0.9013659358024597,0.19253169000148773,0.118219293653965,0.06700854748487473,0.0240556038916111,0.040131550282239914,0.06381480395793915,0.508695662021637,0.5119293928146362,0.4946505129337311,0.49821949005126953,0.5009587407112122,0.4749780297279358,0.26288944482803345,0.25723862648010254,0.26217949390411377,0.09061455726623535,0.07844401895999908,0.10383985936641693,0.6618713140487671,0.6325809955596924,0.6017600893974304,-0.007562681101262569,0.0024459052365273237,-0.05588061735033989,0.9393988847732544,0.8116453886032104,0.7029474973678589,0.057040080428123474,0.19027204811573029,0.2470085471868515,0.5975947380065918,0.5753662586212158,0.5751627683639526,0.9411371350288391,0.8107205629348755,0.7258102297782898,0.5118728876113892,0.5176554918289185,0.5431472063064575,0.0,0.0,0.0,0.028439216315746307,0.0,0.00034579867497086525,0.0,0.0,0.0,5.684304714202881,0.5751412510871887,0.547140896320343,0.6228123307228088,1.2239911556243896,1.525164008140564,1.834836721420288,4.583991527557373,0.10138493776321411,0.0809396505355835,0.08284831047058105,0.0,0.14387105405330658,0.754063606262207,0.8884586095809937,1.786393165588379,0.7765049934387207,0.8840464353561401,0.9158141613006592,0.00034579867497086525,0.19291532039642334,0.12200935930013657,0.17793266475200653,0.4928573966026306,0.1929580569267273,0.0240556038916111,0.040131550282239914,0.06381480395793915,0.12800195813179016,0.5118728876113892,0.5176554918289185,0.5431472063064575,0.0,0.0,1.6158006191253662,1.4345756769180298
11,0.0001253841328434646,0.3185572624206543,0.4572908580303192,0.6287239193916321,1.4045720100402832,2.0674307346343994,0.7251377701759338,0.6807529926300049,0.6615400314331055,0.015554212033748627,0.02901209518313408,0.04864121600985527,0.0,0.0,0.0,5.382631778717041,0.0218525230884552,0.0,0.0003451911616139114,0.0,0.0,0.0,4.5094451904296875,0.004999999888241291,0.0010000000474974513,0.9345115423202515,1.2854620218276978,1.574629545211792,3.794603109359741,0.0,0.12658202648162842,0.10168945789337158,0.09990234673023224,0.0,0.09128701686859131,0.49810290336608887,0.6019626259803772,1.1913524866104126,0.0003451911616139114,0.05689007788896561,0.02337377518415451,0.01804385334253311,0.09830770641565323,0.003837947268038988,0.5300061106681824,0.5487179756164551,0.5968443751335144,0.5236514806747437,0.5148645639419556,0.5531545281410217,0.256941556930542,0.24388551712036133,0.23466293513774872,0.05179561674594879,0.018657537177205086,0.016280848532915115,0.5807156562805176,0.6881890296936035,0.7075769305229187,0.047771766781806946,0.0506155826151371,0.13276274502277374,0.6022663116455078,0.9190325736999512,0.8505692481994629,0.4450366497039795,0.11069651693105698,0.25573980808258057,0.5636864900588989,0.5846154093742371,0.6052774786949158,0.5313950777053833,0.5600036382675171,0.5703914165496826,0.24284949898719788,0.23757129907608032,0.23632320761680603,0.051863666623830795,0.04253888130187988,0.021792717278003693,0.6975164413452148,0.6901827454566956,0.7012559175491333,0.10526003688573837,0.1491640955209732,0.16033601760864258,0.9308781623840332,0.8538380861282349,0.8078747391700745,0.13191205263137817,0.26616916060447693,0.33290815353393555,0.5920562148094177,0.5755885243415833,0.5829547047615051,0.9020208120346069,0.7988603711128235,0.7478237152099609,0.540416419506073,0.5418803691864014,0.5734493732452393,0.5331526398658752,0.5488229990005493,0.5754913687705994,0.5805266499519348,0.9054130911827087,0.8052230477333069,0.540416419506073,0.5418803691864014,0.5734493732452393,0.015554212033748627,0.02901209518313408,0.04864121600985527,0.09320752322673798,0.0,0.07649026811122894,5.311287532094866e-05,0.4257345199584961,0.5976704955101013,0.8244839906692505,1.8478893041610718,0.47926419973373413,0.5124861001968384,0.49433815479278564,0.4731498062610626,0.5052079558372498,0.47048088908195496,0.2779725193977356,0.2506629228591919,0.26868972182273865,0.13652214407920837,0.031262680888175964,0.12265247106552124,0.5895611047744751,0.6016893982887268,0.6160687804222107,2.186391592025757,0.7582857608795166,0.6940596699714661,0.7340460419654846,-0.06257293373346329,0.011427480727434158,-0.07030706852674484,0.7306435704231262,0.7113227844238281,0.7469446659088135,0.21565604209899902,0.2990931570529938,0.19401709735393524,0.022534778341650963,0.04049909487366676,0.06490684300661087,0.5076923370361328,0.5124065279960632,0.4827020764350891,0.5000444650650024,0.5045744180679321,0.46598848700523376,0.2706041634082794,0.26373061537742615,0.27254724502563477,0.11251428723335266,0.09970373660326004,0.14131103456020355,0.6309389472007751,0.6066594123840332,0.5807594656944275,0.0001161435357062146,0.010203715413808823,-0.07331381738185883,0.8221169710159302,0.726378858089447,0.6596692800521851,0.17797191441059113,0.28276997804641724,0.27230769395828247,0.6102263927459717,0.5784918665885925,0.5905448198318481,0.8220735788345337,0.7219659686088562,0.6907458305358887,0.5118728876113892,0.5176554918289185,0.5431472063064575,0.0,0.0,0.0,0.02569664642214775,0.0,0.0003431088989600539,0.0,0.0,0.0,5.71926736831665,0.5792102813720703,0.5282394886016846,0.5974370241165161,1.254003882408142,1.5515623092651367,1.8770571947097778,4.682623386383057,0.10052865743637085,0.07549428939819336,0.07763266563415527,0.0,0.14756040275096893,0.7753496766090393,0.9244423508644104,1.8473525047302246,0.7568562030792236,0.7062987089157104,0.7739164233207703,0.0003431088989600539,0.1984003484249115,0.11562316119670868,0.18107090890407562,0.4950944483280182,0.17615126073360443,0.022534778341650963,0.04049909487366676,0.06490684300661087,0.12794071435928345,0.5118728876113892,0.5176554918289185,0.5431472063064575,0.0,0.0,1.4731234312057495,1.4866743087768555
12,8.323123620357364e-05,0.3262726664543152,0.4618752896785736,0.6570155024528503,1.445163369178772,2.046396493911743,0.7056064009666443,0.6765556931495667,0.6642343401908875,0.013533304445445538,0.0272092092782259,0.04706137999892235,0.0,0.0,0.0,4.045313358306885,0.02210901863873005,0.0,0.00034221867099404335,0.0,0.0,0.0,4.475406646728516,0.004999999888241291,0.0010000000474974513,0.9669110774993896,1.2804055213928223,1.6336921453475952,3.881009101867676,0.0,0.11644166707992554,0.07784897089004517,0.10272311419248581,0.0,0.09653417021036148,0.5154478549957275,0.6514456272125244,1.2634276151657104,0.00034221867099404335,0.04331624507904053,0.03475918620824814,0.033520668745040894,0.11159610003232956,0.002633623545989394,0.5486725568771362,0.58109450340271,0.5919796228408813,0.5350027084350586,0.5490038394927979,0.5694329142570496,0.2498999387025833,0.2417908012866974,0.23597566783428192,0.041398171335458755,0.0326521098613739,0.027079453691840172,0.6183777451515198,0.6912735104560852,0.6692466735839844,0.07194347679615021,0.12248670309782028,0.14438340067863464,0.6583811640739441,0.8467065691947937,0.7146005630493164,0.4116241931915283,0.251301109790802,0.4242652654647827,0.5720353722572327,0.6003316640853882,0.6012094020843506,0.5345137715339661,0.58098304271698,0.5830950736999512,0.24152430891990662,0.23615823686122894,0.23719939589500427,0.04927518218755722,0.021213436499238014,0.03653639182448387,0.6938465237617493,0.6782376766204834,0.6696546077728271,0.0941585898399353,0.1738082468509674,0.16997680068016052,0.8731676340103149,0.7604790329933167,0.6997244954109192,0.1958598792552948,0.40148699283599854,0.46646571159362793,0.6033210754394531,0.572311282157898,0.5658839344978333,0.8424778580665588,0.6882255673408508,0.6295353174209595,0.5553982257843018,0.5538972020149231,0.5776575207710266,0.542579710483551,0.5393540859222412,0.555228590965271,0.6272566318511963,0.8029850721359253,0.6559516191482544,0.5553982257843018,0.5538972020149231,0.5776575207710266,0.013533304445445538,0.0272092092782259,0.04706137999892235,0.08780389279127121,0.0,0.0793788731098175,4.553788676275872e-05,0.43478453159332275,0.602240264415741,0.8486248850822449,1.885649561882019,0.4790969789028168,0.5162239670753479,0.5023037791252136,0.4744883179664612,0.5050393342971802,0.47608911991119385,0.2720283269882202,0.25135526061058044,0.2688588798046112,0.11748863756656647,0.03664441406726837,0.11774726212024689,0.5678412318229675,0.6375067234039307,0.6299285292625427,2.175910711288452,0.7437509894371033,0.6953659653663635,0.7367937564849854,-0.05531842261552811,0.013022584840655327,-0.05974748358130455,0.6685723662376404,0.8217852115631104,0.7798705697059631,0.2804042398929596,0.1882934868335724,0.17230768501758575,0.022396115586161613,0.04217314347624779,0.0671764388680458,0.5058528184890747,0.5134404301643372,0.49433815479278564,0.4960147440433502,0.5054324865341187,0.47007349133491516,0.2767537534236908,0.2666393518447876,0.2802448570728302,0.13817854225635529,0.11372310668230057,0.15457521378993988,0.6534943580627441,0.6090734601020813,0.6174298524856567,-0.014226620085537434,0.01218610629439354,-0.07181058824062347,0.910323441028595,0.7322169542312622,0.7512580752372742,0.08170606195926666,0.2786479890346527,0.18888889253139496,0.6402983665466309,0.5883113741874695,0.6288942098617554,0.9142140746116638,0.7269762754440308,0.778602123260498,0.5118728876113892,0.5176554918289185,0.5431472063064575,0.0,0.0,0.0,0.02673380635678768,2.9360295229707845e-05,0.0003406245668884367,0.0,0.0,0.0,5.785297393798828,0.5546005964279175,0.5446620583534241,0.603435218334198,1.2790416479110718,1.5734679698944092,1.9178996086120605,4.770409107208252,0.12886077165603638,0.07922840118408203,0.10703122615814209,0.0,0.152767613530159,0.7838126420974731,0.9657585620880127,1.902338981628418,0.6934782862663269,0.8169237971305847,0.8017180562019348,0.0003406245668884367,0.1710083782672882,0.11739632487297058,0.18230675160884857,0.4707114100456238,0.16628308594226837,0.022396115586161613,0.04217314347624779,0.0671764388680458,0.13174571096897125,0.5118728876113892,0.5176554918289185,0.5431472063064575,0.0,0.0,1.429229497909546,1.3641669750213623
13,8.037818770390004e-05,0.3196479082107544,0.45131462812423706,0.6176186203956604,1.3885811567306519,2.0550122261047363,0.7140138149261475,0.6772568225860596,0.6637415289878845,0.013884409330785275,0.026988375931978226,0.04602101072669029,0.0,0.0,0.0,3.882373571395874,0.022893059998750687,0.0,0.0003406245668884367,0.0,0.0,0.0,4.433150768280029,0.004999999888241291,0.0005000000237487257,0.913598895072937,1.2474175691604614,1.5601868629455566,3.721203327178955,0.0,0.13300782442092896,0.08117187023162842,0.08466796576976776,0.0,0.0926121175289154,0.4989932179450989,0.5939242839813232,1.1855295896530151,0.0003406245668884367,0.06271164119243622,0.02934797666966915,0.025581136345863342,0.11764075607061386,0.0002667338994797319,0.5328068137168884,0.58451908826828,0.6001091003417969,0.5294395089149475,0.5600255727767944,0.5790681838989258,0.25572845339775085,0.242125004529953,0.23585309088230133,0.04833123832941055,0.03269212692975998,0.02592742070555687,0.5691876411437988,0.6958333253860474,0.6749445199966431,0.05892164260149002,0.15864449739456177,0.16509833931922913,0.5714285969734192,0.8835979104042053,0.7268385887145996,0.4874504506587982,0.23645320534706116,0.4312977194786072,0.5656136274337769,0.5959020853042603,0.6028369069099426,0.5372540950775146,0.5852535963058472,0.5786015391349792,0.24537301063537598,0.23703095316886902,0.23998750746250153,0.06686118245124817,0.029376773163676262,0.05692064389586449,0.6889953017234802,0.6589818000793457,0.6829268932342529,0.10595886409282684,0.17789369821548462,0.16697750985622406,0.8908886313438416,0.7259259223937988,0.7488061189651489,0.18361954391002655,0.4445812702178955,0.40839695930480957,0.6069583892822266,0.5595662593841553,0.5866564512252808,0.8566220998764038,0.647125780582428,0.6813966035842896,0.540097177028656,0.5378485918045044,0.5711947679519653,0.5207641124725342,0.5440344214439392,0.5535336136817932,0.5443499684333801,0.8281161189079285,0.6590288877487183,0.540097177028656,0.5378485918045044,0.5711947679519653,0.013884409330785275,0.026988375931978226,0.04602101072669029,0.08689379692077637,0.0,0.07993568480014801,9.421039430890232e-05,0.43116214871406555,0.6062889099121094,0.8468034267425537,1.8842544555664062,0.48102006316185,0.5166215896606445,0.5009762048721313,0.475027859210968,0.5054965615272522,0.47610270977020264,0.272093266248703,0.25152498483657837,0.27296188473701477,0.12144459784030914,0.03607698529958725,0.13218170404434204,0.5892939567565918,0.637350857257843,0.6246034502983093,2.1869418621063232,0.7435793876647949,0.6957405209541321,0.7476218938827515,-0.05779040977358818,0.014154171571135521,-0.0580681711435318,0.7273766994476318,0.8205561637878418,0.764342188835144,0.222679004073143,0.1904369294643402,0.18786324560642242,0.024151863530278206,0.04392949119210243,0.06875673681497574,0.5075250864028931,0.5128042101860046,0.48910582065582275,0.4986534118652344,0.5033670663833618,0.4682985842227936,0.2755660116672516,0.2682373523712158,0.27784231305122375,0.12978999316692352,0.1226428970694542,0.1562991440296173,0.6445383429527283,0.6208689212799072,0.601340651512146,-0.004050947725772858,0.007964317686855793,-0.07185913622379303,0.8722639679908752,0.7706252932548523,0.7094177007675171,0.12504282593727112,0.23610882461071014,0.22717948257923126,0.6299574971199036,0.606195867061615,0.6123268604278564,0.8735786080360413,0.7673771381378174,0.7383834719657898,0.5118728876113892,0.5176554918289185,0.5431472063064575,0.0,0.0,0.0,0.023822057992219925,0.0,0.0003395764797460288,0.0,0.0,0.0,5.797301292419434,0.567225456237793,0.5446210503578186,0.6128373742103577,1.2751858234405518,1.5700604915618896,1.8928487300872803,4.738094806671143,0.11565601825714111,0.09957146644592285,0.10104745626449585,0.0,0.15069593489170074,0.7940511107444763,0.963603138923645,1.9083501100540161,0.7517558336257935,0.8152536749839783,0.7861772775650024,0.0003395764797460288,0.17076656222343445,0.11770863831043243,0.20056651532649994,0.4890417158603668,0.16731876134872437,0.024151863530278206,0.04392949119210243,0.06875673681497574,0.13683810830116272,0.5118728876113892,0.5176554918289185,0.5431472063064575,0.0,0.0,1.4126859903335571,1.2857075929641724
14,0.00014808811829425395,0.3147147595882416,0.4464184641838074,0.6370387077331543,1.3981719017028809,2.036195755004883,0.701947033405304,0.6754183769226074,0.6588304042816162,0.014840489253401756,0.028916457667946815,0.04815421998500824,0.0,0.0,0.0,2.350346565246582,0.019172724336385727,0.0,0.00033945226459763944,0.0,0.0,0.0,4.407687187194824,0.004999999888241291,0.0005000000237487257,0.9102853536605835,1.2409930229187012,1.5799974203109741,3.731275796890259,0.0,0.10725587606430054,0.07972657680511475,0.09100586175918579,0.0,0.0905337929725647,0.4900677502155304,0.6241282224655151,1.2047297954559326,0.00033945226459763944,0.03762713819742203,0.035059377551078796,0.0222418624907732,0.09492837637662888,0.0006156364106573164,0.5760771036148071,0.5860899090766907,0.5970475673675537,0.5632588267326355,0.5560691356658936,0.5787789821624756,0.2476630061864853,0.2412269413471222,0.23359349370002747,0.02798190340399742,0.03417874872684479,0.01725471206009388,0.6424396634101868,0.6967688798904419,0.6693584322929382,0.1308608502149582,0.1442679911851883,0.16458475589752197,0.6933625936508179,0.8674574494361877,0.7253281474113464,0.4331550896167755,0.24468085169792175,0.4322298467159271,0.5836095213890076,0.63245689868927,0.6104428768157959,0.5529695749282837,0.6176732182502747,0.5925588011741638,0.23758462071418762,0.2279416173696518,0.23437103629112244,0.04450622573494911,0.02679450437426567,0.032878223806619644,0.6950573325157166,0.6969696283340454,0.6799910068511963,0.13609620928764343,0.24809394776821136,0.1931912899017334,0.8639605045318604,0.771016001701355,0.7360233068466187,0.24197861552238464,0.46433040499687195,0.44909432530403137,0.5931506752967834,0.571674644947052,0.5783745050430298,0.8162096738815308,0.6646875739097595,0.6550027132034302,0.5492618083953857,0.5482047200202942,0.562329113483429,0.5391234755516052,0.5431973934173584,0.5613546371459961,0.6363362669944763,0.8167939186096191,0.6563696265220642,0.5492618083953857,0.5482047200202942,0.562329113483429,0.014840489253401756,0.028916457667946815,0.04815421998500824,0.09191116690635681,0.0,0.07877704501152039,0.00012574206630233675,0.43160685896873474,0.6161073446273804,0.8497880697250366,1.8975024223327637,0.48386287689208984,0.5123270153999329,0.5087075233459473,0.47500765323638916,0.49903157353401184,0.4783449172973633,0.27849075198173523,0.2516496479511261,0.2752430737018585,0.1441296488046646,0.04583742842078209,0.13723039627075195,0.6271216869354248,0.6501997113227844,0.6473457217216492,2.2076804637908936,0.7580099701881409,0.696114182472229,0.7535563111305237,-0.07486725598573685,-0.0029415928293019533,-0.06041689217090607,0.8479255437850952,0.8755569458007812,0.8301941156387329,0.10208975523710251,0.12250618636608124,0.12649573385715485,0.02477431483566761,0.04430612176656723,0.06973110884428024,0.5068562030792236,0.5093844532966614,0.49863335490226746,0.4964147210121155,0.49757272005081177,0.4679439067840576,0.2774828374385834,0.274742990732193,0.276876300573349,0.14202478528022766,0.14684252440929413,0.15610253810882568,0.6602534651756287,0.6371390223503113,0.6408593058586121,-0.015049293637275696,-0.006526091601699591,-0.09015612304210663,0.9361319541931152,0.8320786356925964,0.8235801458358765,0.05669749900698662,0.1630667746067047,0.11230769008398056,0.6462311148643494,0.6331751346588135,0.6422107815742493,0.9396321177482605,0.8344202041625977,0.852869987487793,0.5118728876113892,0.5176554918289185,0.5431472063064575,0.0,0.0,0.0,0.02180204913020134,0.0,0.0003387232427485287,0.0,0.0,0.0,5.862685680389404,0.6097725033760071,0.5530793070793152,0.632983386516571,1.2903119325637817,1.6007206439971924,1.9014654159545898,4.792497634887695,0.12873691320419312,0.1258206069469452,0.13816410303115845,0.0,0.1508372277021408,0.8145551681518555,0.9690772294998169,1.9344696998596191,0.8723244071006775,0.8764911890029907,0.8499804735183716,0.0003387232427485287,0.20082519948482513,0.12115737795829773,0.20653940737247467,0.5285220146179199,0.1642346978187561,0.02477431483566761,0.04430612176656723,0.06973110884428024,0.13881152868270874,0.5118728876113892,0.5176554918289185,0.5431472063064575,0.0,0.0,1.3893154859542847,1.2859498262405396
15,0.00016048765974119306,0.3131698668003082,0.4569993019104004,0.6393888592720032,1.4095580577850342,2.031477928161621,0.7007982730865479,0.6768164038658142,0.6538633704185486,0.014177033677697182,0.02775096520781517,0.046450838446617126,0.0,0.0,0.0,3.4688796997070312,0.019954442977905273,0.0,0.00033841608092188835,0.0,0.0,0.0,4.387877941131592,0.004999999888241291,0.0005000000237487257,0.9053170680999756,1.2587599754333496,1.5841808319091797,3.748258113861084,0.0,0.11759763956069946,0.09178709983825684,0.08771485090255737,0.0,0.09070786088705063,0.5151212215423584,0.6290316581726074,1.2348606586456299,0.00033841608092188835,0.03519442677497864,0.03159509599208832,0.020192747935652733,0.08698226511478424,0.0046775806695222855,0.573582649230957,0.5740687847137451,0.6157621741294861,0.556942343711853,0.5474016070365906,0.5914207696914673,0.2479313164949417,0.24194304645061493,0.231185644865036,0.030301887542009354,0.017989052459597588,0.02026107907295227,0.659112811088562,0.6912612915039062,0.6950876712799072,0.1251421421766281,0.12886495888233185,0.1963285505771637,0.7628348469734192,0.8835616707801819,0.7717443704605103,0.35104987025260925,0.21124151349067688,0.41109710931777954,0.575995147228241,0.6150128245353699,0.6198527216911316,0.5478402376174927,0.5982745289802551,0.594049870967865,0.24134093523025513,0.23568618297576904,0.2329334318637848,0.06125329062342644,0.04856004938483238,0.040175821632146835,0.6955392360687256,0.6940804123878479,0.7009866833686829,0.13436943292617798,0.21789923310279846,0.20411129295825958,0.8962053656578064,0.8092729449272156,0.7851994037628174,0.19947506487369537,0.3872760832309723,0.402900367975235,0.6004471778869629,0.5882245302200317,0.5863825082778931,0.8522316217422485,0.7187944054603577,0.7038450837135315,0.5404101610183716,0.5396645069122314,0.5674938559532166,0.5598579049110413,0.5485675930976868,0.5706021189689636,0.7104945778846741,0.8399204015731812,0.6926643252372742,0.5404101610183716,0.5396645069122314,0.5674938559532166,0.014177033677697182,0.02775096520781517,0.046450838446617126,0.08837883919477463,0.0,0.07952718436717987,0.00010663201828720048,0.42899879813194275,0.607763409614563,0.8454964756965637,1.8822587728500366,0.48227423429489136,0.5147128701210022,0.4978524148464203,0.4782871603965759,0.502702534198761,0.4752911627292633,0.26978471875190735,0.25188568234443665,0.2747066915035248,0.11173093318939209,0.045720599591732025,0.13766922056674957,0.5609755516052246,0.642614483833313,0.6144621968269348,2.1884613037109375,0.7380633354187012,0.6964967846870422,0.7539011836051941,-0.04607199877500534,0.007371475454419851,-0.057582754641771317,0.6461940407752991,0.8428329825401306,0.7367361783981323,0.3103802800178528,0.16257213056087494,0.2138461470603943,0.023682162165641785,0.04562084376811981,0.06981678307056427,0.5087792873382568,0.5183712244033813,0.4912143647670746,0.5005181431770325,0.5114772319793701,0.47147536277770996,0.27264076471328735,0.27025410532951355,0.2771656811237335,0.11999489367008209,0.12334342300891876,0.15505412220954895,0.6387505531311035,0.6030414700508118,0.5992002487182617,0.001442487584426999,0.024927671998739243,-0.0637369379401207,0.8484155535697937,0.7067137956619263,0.7002156972885132,0.15262076258659363,0.31624072790145874,0.24273504316806793,0.6181365251541138,0.5925654768943787,0.6125964522361755,0.847909688949585,0.695641815662384,0.7262787818908691,0.5118728876113892,0.5176554918289185,0.5431472063064575,0.0,0.0,0.0,0.023520855233073235,0.0,0.00033789529697969556,0.0,0.0,0.0,5.78709602355957,0.5469419360160828,0.5529894828796387,0.6110410690307617,1.246773600578308,1.578823447227478,1.8991062641143799,4.724703311920166,0.10814803838729858,0.08567705750465393,0.0975339412689209,0.0,0.1498803049325943,0.7973586320877075,0.963071346282959,1.9103102684020996,0.667391300201416,0.840225875377655,0.7593127489089966,0.00033789529697969556,0.16093625128269196,0.12294373661279678,0.20424439013004303,0.48812437057495117,0.1602124571800232,0.023682162165641785,0.04562084376811981,0.06981678307056427,0.13911980390548706,0.5118728876113892,0.5176554918289185,0.5431472063064575,0.0,0.0,1.3270083665847778,1.2992384433746338
