# gpu     sm    mem    enc    dec    jpg    ofa     fb   bar1   ccpm 
# Idx      %      %      %      %      %      %     MB     MB     MB 
    0     39      4      0      0      0      0   1001  16355      - 
    0     39      3      0      0      0      0   1015  16355      - 
    0     40      4      0      0      0      0   1005  16355      - 
    0     39      3      0      0      0      0   1005  16355      - 
    0     40      3      0      0      0      0   1015  16355      - 
    0     39      3      0      0      0      0   1005  16355      - 
    0     41      3      0      0      0      0   1005  16355      - 
    0     41      3      0      0      0      0   1015  16355      - 
    0     41      3      0      0      0      0   1005  16355      - 
    0     41      3      0      0      0      0   1005  16355      - 
Tue Sep 29 08:02:50 UTC 2026
