# gpu     sm    mem    enc    dec    jpg    ofa     fb   bar1   ccpm 
# Idx      %      %      %      %      %      %     MB     MB     MB 
    0      0      3      0      0      0      0    740  16355      - 
    0      0      3      0      0      0      0    740  16355      - 
    0      0      3      0      0      0      0    740  16355      - 
    0      0      3      0      0      0      0    740  16355      - 
    0      0      3      0      0      0      0    740  16355      - 
    0      0      3      0      0      0      0    740  16355      - 
    0      0      3      0      0      0      0    740  16355      - 
    0      0      3      0      0      0      0    740  16355      - 
    0      0      3      0      0      0      0    740  16355      - 
    0      0      3      0      0      0      0    740  16355      - 
