# gpu     sm    mem    enc    dec    jpg    ofa     fb   bar1   ccpm 
# Idx      %      %      %      %      %      %     MB     MB     MB 
    0     11      3      0      0      0      0    731  16355      - 
    0     21      6      0      0      0      0    734  16355      - 
    0     29      4      0      0      0      0    729  16355      - 
    0      9      4      0      0      0      0    729  16355      - 
    0      9      3      0      0      0      0    729  16355      - 
    0      7      2      0      0      0      0    729  16355      - 
    0     12      6      0      0      0      0    736  16355      - 
    0     24      4      0      0      0      0    736  16355      - 
    0      9      4      0      0      0      0    736  16355      - 
    0      4      4      0      0      0      0    736  16355      - 
