# gpu     sm    mem    enc    dec    jpg    ofa     fb   bar1   ccpm 
# Idx      %      %      %      %      %      %     MB     MB     MB 
    0      0      1      0      0      0      0    710  16355      - 
    0      0      1      0      0      0      0    710  16355      - 
    0      0      3      0      0      0      0    710  16355      - 
    0      0      3      0      0      0      0    710  16355      - 
    0      0      3      0      0      0      0    710  16355      - 
    0      0      3      0      0      0      0    710  16355      - 
    0     27      5      0      0      0      0    710  16355      - 
    0      0      1      0      0      0      0    710  16355      - 
    0      1      1      0      0      0      0    710  16355      - 
    0      0      1      0      0      0      0    710  16355      - 
