# gpu     sm    mem    enc    dec    jpg    ofa     fb   bar1   ccpm 
# Idx      %      %      %      %      %      %     MB     MB     MB 
    0      2      1      0      0      0      0    706  16355      - 
    0      0      1      0      0      0      0    706  16355      - 
    0      0      3      0      0      0      0    704  16355      - 
    0      0      1      0      0      0      0    704  16355      - 
    0      0      1      0      0      0      0    704  16355      - 
    0      0      1      0      0      0      0    704  16355      - 
    0      0      3      0      0      0      0    706  16355      - 
    0      0      1      0      0      0      0    706  16355      - 
    0      0      1      0      0      0      0    706  16355      - 
    0      0      1      0      0      0      0    706  16355      - 
