# gpu     sm    mem    enc    dec    jpg    ofa     fb   bar1   ccpm 
# Idx      %      %      %      %      %      %     MB     MB     MB 
    0      8      3      0      0      0      0    737  16355      - 
    0      1      2      0      0      0      0    737  16355      - 
    0      0      2      0      0      0      0    737  16355      - 
    0      0      3      0      0      0      0    737  16355      - 
    0      0      3      0      0      0      0    737  16355      - 
    0      0      3      0      0      0      0    737  16355      - 
    0     13      5      0      0      0      0    737  16355      - 
    0      0      3      0      0      0      0    737  16355      - 
    0      0      3      0      0      0      0    737  16355      - 
    0      0      3      0      0      0      0    737  16355      - 
