# gpu     sm    mem    enc    dec    jpg    ofa     fb   bar1   ccpm 
# Idx      %      %      %      %      %      %     MB     MB     MB 
    0      0      3      0      0      0      0    745  16355      - 
    0      6      3      0      0      0      0    745  16355      - 
    0      0      3      0      0      0      0    746  16355      - 
    0      0      3      0      0      0      0    746  16355      - 
    0      0      3      0      0      0      0    746  16355      - 
    0      0      3      0      0      0      0    746  16355      - 
    0      0      3      0      0      0      0    746  16355      - 
    0      0      3      0      0      0      0    746  16355      - 
    0      0      3      0      0      0      0    746  16355      - 
    0      0      1      0      0      0      0    747  16355      - 
